140
10CH                             0.0000000 0.0000010 0.0000010 0.0000010 0.0000010 0.0000010 0.0365405 0.0384903 0.0346124 0.0384821 0.0384821 0.0365405 0.0526676 0.0365405 0.0404699 0.0643073 0.0404699 0.0000010 0.0385280 0.0424264 0.0000010 0.0797705 0.0702681 0.0689734 0.0724734 0.0680289 0.0869063 0.0690766 0.0747582 0.0657083 0.0786137 0.0809701 0.0725280 0.0746138 0.0724208 0.0729899 0.0707311 0.0766936 0.0738107 0.0820583 0.0752529 0.0746252 0.0866245 0.0864414 0.0983699 0.0939953 0.0018258 0.0000010 0.0360129 0.0663983 0.0876550 0.0754385 0.0834537 0.0778505 0.0860635 0.0689589 0.0663274 0.1196641 0.0917770 0.0864481 0.0885696 0.0843295 0.0694852 0.0692486 0.0864672 0.0743136 0.0703523 0.0825119 0.0737324 0.0737324 0.1157166 0.0850288 0.0719532 0.0720082 0.0697935 0.0700205 0.0700205 0.0700205 0.0701145 0.0700205 0.0679602 0.0700205 0.0700205 0.0720879 0.0700205 0.0358708 0.0398959 0.0378152 0.0379337 0.0378329 0.0377640 0.0377640 0.0358708 0.1168837 0.0752689 0.0899871 0.0752689 0.0931290 0.1017447 0.0991497 0.1015280 0.0992814 0.1016618 0.1016618 0.1015888 0.1015888 0.1041432 0.1041432 0.1041432 0.1043106 0.1041988 0.1018006 0.1018006 0.1041891 0.1382649 0.0712326 0.0638819 0.0638819 0.0653343 0.0617129 0.0386902 0.0410081 0.0504785 0.0449747 0.0410907 0.0410907 0.0431264 0.0430775 0.0525135 0.0525135 0.0505338 0.0525135 0.0481351 0.0525135 0.0525135 0.0525135 0.0843132 0.1038180 0.1000572 0.0681489 
12CH                             0.0000010 0.0000000 0.0000010 0.0000010 0.0000010 0.0000010 0.0365405 0.0384903 0.0346124 0.0384821 0.0384821 0.0365405 0.0526676 0.0365405 0.0404699 0.0643073 0.0404699 0.0000010 0.0385280 0.0424264 0.0000010 0.0791521 0.0702681 0.0689734 0.0724734 0.0680289 0.0869063 0.0690766 0.0747582 0.0657083 0.0786137 0.0809701 0.0725280 0.0746138 0.0724208 0.0729899 0.0707311 0.0766936 0.0738107 0.0820583 0.0752529 0.0746252 0.0866245 0.0864414 0.0983699 0.0939953 0.0018171 0.0000010 0.0357475 0.0658790 0.0869442 0.0754385 0.0834537 0.0778505 0.0853617 0.0689589 0.0663274 0.1196641 0.0917770 0.0864481 0.0885696 0.0843295 0.0694852 0.0692486 0.0864672 0.0743136 0.0703523 0.0825119 0.0737324 0.0737324 0.1157166 0.0850288 0.0719532 0.0720082 0.0692678 0.0696903 0.0696903 0.0696903 0.0695841 0.0698197 0.0674473 0.0694912 0.0696903 0.0717474 0.0696903 0.0357066 0.0397119 0.0376418 0.0377589 0.0376594 0.0375911 0.0375911 0.0357066 0.1168837 0.0752689 0.0892548 0.0752689 0.0931290 0.1008306 0.0982622 0.1006182 0.0983907 0.1007502 0.1007502 0.1006771 0.1006771 0.1032059 0.1032059 0.1032059 0.1033712 0.1032614 0.1008856 0.1008856 0.1032519 0.1382649 0.0712326 0.0638819 0.0638819 0.0653343 0.0617129 0.0386902 0.0410081 0.0504785 0.0449747 0.0410907 0.0410907 0.0431264 0.0430775 0.0521161 0.0521161 0.0501514 0.0521161 0.0481351 0.0521161 0.0521161 0.0521161 0.0843132 0.1038180 0.1000572 0.0681489 
13CH                             0.0000010 0.0000010 0.0000000 0.0000010 0.0000010 0.0000010 0.0365405 0.0384903 0.0346124 0.0384821 0.0384821 0.0365405 0.0526676 0.0365405 0.0404699 0.0643073 0.0404699 0.0000010 0.0385280 0.0424264 0.0000010 0.0793847 0.0702681 0.0689734 0.0724734 0.0680289 0.0869063 0.0690766 0.0747582 0.0657083 0.0786137 0.0809701 0.0725280 0.0746138 0.0724208 0.0729899 0.0707311 0.0766936 0.0738107 0.0820583 0.0752529 0.0746252 0.0866245 0.0864414 0.0983699 0.0939953 0.0018171 0.0000010 0.0358471 0.0660742 0.0872117 0.0754385 0.0834537 0.0778505 0.0856258 0.0689589 0.0663274 0.1196641 0.0917770 0.0864481 0.0885696 0.0843295 0.0694852 0.0692486 0.0864672 0.0743136 0.0703523 0.0825119 0.0737324 0.0737324 0.1157166 0.0850288 0.0719532 0.0720082 0.0694655 0.0696903 0.0696903 0.0696903 0.0697836 0.0698197 0.0676402 0.0696903 0.0696903 0.0717474 0.0696903 0.0357066 0.0397119 0.0376418 0.0377589 0.0376594 0.0375911 0.0375911 0.0357066 0.1168837 0.0752689 0.0895298 0.0752689 0.0931290 0.1011747 0.0985963 0.1009608 0.0987254 0.1010934 0.1010934 0.1010207 0.1010207 0.1035594 0.1035594 0.1035594 0.1037249 0.1036144 0.1012301 0.1012301 0.1036047 0.1382649 0.0712326 0.0638819 0.0638819 0.0653343 0.0617129 0.0386902 0.0410081 0.0504785 0.0449747 0.0410907 0.0410907 0.0431264 0.0430775 0.0522647 0.0522647 0.0502955 0.0522647 0.0481351 0.0522647 0.0522647 0.0522647 0.0843132 0.1038180 0.1000572 0.0681489 
1CH                              0.0000010 0.0000010 0.0000010 0.0000000 0.0000010 0.0000010 0.0365405 0.0384903 0.0346124 0.0384821 0.0384821 0.0365405 0.0526676 0.0365405 0.0404699 0.0643073 0.0404699 0.0000010 0.0385280 0.0424264 0.0000010 0.0790404 0.0702681 0.0689734 0.0724734 0.0680289 0.0869063 0.0690766 0.0747582 0.0657083 0.0786137 0.0809701 0.0725280 0.0746138 0.0724208 0.0729899 0.0707311 0.0766936 0.0738107 0.0820583 0.0752529 0.0746252 0.0866245 0.0864414 0.0983699 0.0939953 0.0018171 0.0000010 0.0356996 0.0656917 0.0866880 0.0754385 0.0834537 0.0778505 0.0851087 0.0689589 0.0663274 0.1196641 0.0917770 0.0864481 0.0885696 0.0843295 0.0694852 0.0692486 0.0864672 0.0743136 0.0703523 0.0825119 0.0737324 0.0737324 0.1157166 0.0850288 0.0719532 0.0720082 0.0691727 0.0696903 0.0696903 0.0696903 0.0694882 0.0698197 0.0673547 0.0693956 0.0696903 0.0717474 0.0696903 0.0357066 0.0397119 0.0376418 0.0377589 0.0376594 0.0375911 0.0375911 0.0357066 0.1168837 0.0752689 0.0889905 0.0752689 0.0931290 0.1006658 0.0981021 0.1004539 0.0982300 0.1005856 0.1005856 0.1005125 0.1005125 0.1030381 0.1030381 0.1030381 0.1032019 0.1030925 0.1007207 0.1007207 0.1030830 0.1382649 0.0712326 0.0638819 0.0638819 0.0653343 0.0617129 0.0386902 0.0410081 0.0504785 0.0449747 0.0410907 0.0410907 0.0431264 0.0430775 0.0519734 0.0519734 0.0500143 0.0519734 0.0481351 0.0519734 0.0519734 0.0519734 0.0843132 0.1038180 0.1000572 0.0681489 
4CH                              0.0000010 0.0000010 0.0000010 0.0000010 0.0000000 0.0000010 0.0368823 0.0388505 0.0349362 0.0388421 0.0388421 0.0368823 0.0531656 0.0368823 0.0408490 0.0649325 0.0408490 0.0000010 0.0388889 0.0428239 0.0000010 0.0778555 0.0702681 0.0689734 0.0724734 0.0680289 0.0850320 0.0690766 0.0747582 0.0657083 0.0786137 0.0809701 0.0725280 0.0746138 0.0724208 0.0729899 0.0707311 0.0766936 0.0738107 0.0820583 0.0752529 0.0746252 0.0866245 0.0864414 0.0983699 0.0923542 0.0018337 0.0000010 0.0360744 0.0644536 0.0878111 0.0754385 0.0834537 0.0778505 0.0862181 0.0690972 0.0663274 0.1196641 0.0917770 0.0864481 0.0885696 0.0843295 0.0694852 0.0692486 0.0864672 0.0743136 0.0703523 0.0825119 0.0737324 0.0737324 0.1157166 0.0850288 0.0719532 0.0726848 0.0699116 0.0703420 0.0703420 0.0703420 0.0702339 0.0704737 0.0680753 0.0701391 0.0703420 0.0724192 0.0703420 0.0360329 0.0400767 0.0379862 0.0381053 0.0380041 0.0379346 0.0379346 0.0360329 0.1168837 0.0752689 0.0901471 0.0752689 0.0931290 0.1008306 0.0982622 0.1006182 0.0983907 0.1007502 0.1007502 0.1006771 0.1006771 0.1032059 0.1032059 0.1032059 0.1033712 0.1032614 0.1008856 0.1008856 0.1032519 0.1382649 0.0712326 0.0638819 0.0638819 0.0653343 0.0617129 0.0386902 0.0410081 0.0504785 0.0449747 0.0410907 0.0410907 0.0431264 0.0430775 0.0526038 0.0526038 0.0506206 0.0526038 0.0481351 0.0526038 0.0526038 0.0526038 0.0846919 0.1038180 0.1000572 0.0681489 
6CH                              0.0000010 0.0000010 0.0000010 0.0000010 0.0000010 0.0000000 0.0366084 0.0385618 0.0346767 0.0385536 0.0385536 0.0366084 0.0535416 0.0366084 0.0405452 0.0644314 0.0405452 0.0000010 0.0385996 0.0425053 0.0000010 0.0789580 0.0702681 0.0689734 0.0724734 0.0680289 0.0869063 0.0690766 0.0747582 0.0657083 0.0786137 0.0809701 0.0725280 0.0746138 0.0724208 0.0729899 0.0707311 0.0766936 0.0738107 0.0820583 0.0752529 0.0746252 0.0866245 0.0864414 0.0983699 0.0939953 0.0018541 0.0000010 0.0365926 0.0632838 0.0869300 0.0754385 0.0834537 0.0778505 0.0853084 0.0689589 0.0663274 0.1196641 0.0917770 0.0864481 0.0885696 0.0843295 0.0694852 0.0692486 0.0864672 0.0743136 0.0703523 0.0825119 0.0737324 0.0737324 0.1157166 0.0830592 0.0719532 0.0732017 0.0709456 0.0711802 0.0711802 0.0711802 0.0712772 0.0711802 0.0690838 0.0711802 0.0711802 0.0732839 0.0711802 0.0364464 0.0405404 0.0384229 0.0385454 0.0384411 0.0383701 0.0383701 0.0364464 0.1168837 0.0752689 0.0892972 0.0752689 0.0931290 0.1009630 0.1008805 0.1033009 0.0984630 0.1008805 0.1008805 0.1008060 0.1008060 0.1033982 0.1033982 0.1033982 0.1035668 0.1034542 0.1010194 0.1010194 0.1034443 0.1382649 0.0712326 0.0638819 0.0638819 0.0653343 0.0617129 0.0386902 0.0410081 0.0504785 0.0449747 0.0410907 0.0410907 0.0431264 0.0430775 0.0513173 0.0513173 0.0493090 0.0513173 0.0481351 0.0513173 0.0513173 0.0513173 0.0843132 0.1038180 0.0979078 0.0681489 
72_VN018                         0.0365405 0.0365405 0.0365405 0.0365405 0.0368823 0.0366084 0.0000000 0.0018346 0.0000010 0.0055212 0.0036750 0.0000010 0.0637982 0.0018360 0.0187362 0.0636160 0.0188683 0.0366765 0.0018489 0.0206237 0.0370577 0.0740611 0.0724324 0.0713180 0.0749350 0.0702576 0.0892919 0.0714250 0.0770629 0.0679315 0.0809689 0.0833308 0.0748121 0.0769047 0.0747013 0.0751837 0.0729228 0.0789984 0.0759631 0.0845282 0.0774475 0.0747013 0.0843532 0.0841749 0.0965233 0.0940973 0.0385330 0.0365405 0.0262006 0.0646769 0.0885431 0.0687918 0.0701865 0.0803816 0.0869018 0.0687867 0.0661005 0.1225738 0.0944435 0.0731525 0.0752383 0.0753186 0.0714065 0.0711639 0.0752383 0.0683079 0.0701740 0.0754236 0.0798857 0.0798857 0.1045396 0.0767220 0.0611763 0.0645724 0.0623743 0.0625784 0.0625784 0.0625784 0.0626629 0.0625784 0.0605196 0.0627837 0.0626659 0.0647348 0.0627837 0.0000010 0.0262006 0.0018360 0.0280908 0.0018368 0.0000010 0.0000010 0.0036750 0.1129596 0.0729977 0.0906919 0.0729977 0.0862277 0.1015110 0.0989959 0.1014275 0.0965678 0.0989959 0.0989959 0.0989222 0.0989222 0.1015227 0.1015227 0.1015227 0.1041311 0.1040171 0.1015681 0.1015681 0.1040072 0.1417161 0.0734750 0.0635608 0.0635608 0.0651138 0.0614025 0.0199597 0.0221047 0.0371193 0.0229675 0.0191521 0.0211022 0.0211047 0.0210817 0.0569412 0.0569412 0.0549393 0.0569412 0.0565083 0.0569412 0.0569412 0.0569412 0.0742639 0.0879559 0.0867964 0.0701904 
73_VN019                         0.0384903 0.0384903 0.0384903 0.0384903 0.0388505 0.0385618 0.0018346 0.0000000 0.0018370 0.0073665 0.0055161 0.0018472 0.0658383 0.0036744 0.0206237 0.0615213 0.0207691 0.0386336 0.0037003 0.0225138 0.0391452 0.0761167 0.0746193 0.0734705 0.0774195 0.0725093 0.0914351 0.0735808 0.0770629 0.0701771 0.0831061 0.0833308 0.0748121 0.0769047 0.0747013 0.0751837 0.0729228 0.0789984 0.0759631 0.0845282 0.0774475 0.0747013 0.0866402 0.0864569 0.0986942 0.0940973 0.0404878 0.0384903 0.0280908 0.0667460 0.0907178 0.0687918 0.0701865 0.0803816 0.0869216 0.0709236 0.0639197 0.1225738 0.0944435 0.0752383 0.0773270 0.0774096 0.0734996 0.0732497 0.0773270 0.0683079 0.0723547 0.0754236 0.0819931 0.0819931 0.1045396 0.0788536 0.0590323 0.0625090 0.0603225 0.0605196 0.0605196 0.0605196 0.0626764 0.0605196 0.0584679 0.0607179 0.0606041 0.0626659 0.0607179 0.0018346 0.0280908 0.0036744 0.0299834 0.0036761 0.0018472 0.0018346 0.0055161 0.1129596 0.0730153 0.0907124 0.0730153 0.0862476 0.1015365 0.0990208 0.1014530 0.0965921 0.0990208 0.0990208 0.0989470 0.0989470 0.1015482 0.1015482 0.1015482 0.1041572 0.1040432 0.1015936 0.1015936 0.1040333 0.1414700 0.0734750 0.0613288 0.0613288 0.0629672 0.0591759 0.0219713 0.0241311 0.0392101 0.0248986 0.0210817 0.0230364 0.0230392 0.0230140 0.0589458 0.0589458 0.0569412 0.0589458 0.0586450 0.0589458 0.0589458 0.0589458 0.0742639 0.0879559 0.0889796 0.0723714 
75_VN021                         0.0346124 0.0346124 0.0346124 0.0346124 0.0349362 0.0346767 0.0000010 0.0018370 0.0000000 0.0055285 0.0036798 0.0000010 0.0637982 0.0018384 0.0187614 0.0616044 0.0188938 0.0347412 0.0018514 0.0206521 0.0349936 0.0720464 0.0725428 0.0714250 0.0750646 0.0703680 0.0894245 0.0715323 0.0771879 0.0680380 0.0810892 0.0809320 0.0727205 0.0748121 0.0726128 0.0729581 0.0706993 0.0766579 0.0737784 0.0820221 0.0752199 0.0726128 0.0820974 0.0819238 0.0943847 0.0919400 0.0366010 0.0346124 0.0262006 0.0626446 0.0863990 0.0689391 0.0703080 0.0779083 0.0847464 0.0666900 0.0640093 0.1196885 0.0917957 0.0711079 0.0731918 0.0732698 0.0693539 0.0691182 0.0731918 0.0656454 0.0680191 0.0733150 0.0778230 0.0778230 0.1045396 0.0768358 0.0612655 0.0626055 0.0604153 0.0606130 0.0606130 0.0606130 0.0606948 0.0606130 0.0585579 0.0608119 0.0606977 0.0627628 0.0608119 0.0000010 0.0262006 0.0018384 0.0280908 0.0018393 0.0000010 0.0000010 0.0036798 0.1129596 0.0729977 0.0906919 0.0729977 0.0862277 0.1015110 0.0989959 0.1014275 0.0965678 0.0989959 0.0989959 0.0989222 0.0989222 0.1015227 0.1015227 0.1015227 0.1041311 0.1040171 0.1015681 0.1015681 0.1040072 0.1417161 0.0710717 0.0614168 0.0614168 0.0630543 0.0592609 0.0199882 0.0221360 0.0371741 0.0229990 0.0191783 0.0211312 0.0211337 0.0211107 0.0570212 0.0570212 0.0550165 0.0570212 0.0565932 0.0570212 0.0570212 0.0570212 0.0743872 0.0849989 0.0846627 0.0702972 
76_VN022                         0.0384821 0.0384821 0.0384821 0.0384821 0.0388421 0.0385536 0.0055212 0.0073665 0.0055285 0.0000000 0.0018362 0.0055594 0.0616701 0.0073722 0.0206433 0.0615844 0.0207890 0.0386253 0.0074244 0.0225352 0.0391362 0.0719173 0.0701381 0.0690613 0.0723251 0.0678990 0.0870174 0.0691647 0.0746113 0.0655830 0.0787136 0.0807392 0.0725689 0.0746562 0.0724616 0.0727963 0.0705425 0.0764795 0.0736178 0.0818180 0.0750531 0.0724616 0.0819348 0.0817619 0.0942084 0.0917438 0.0404791 0.0384821 0.0281177 0.0625449 0.0862756 0.0656280 0.0676044 0.0803604 0.0846054 0.0708914 0.0639882 0.1193867 0.0915812 0.0710696 0.0731525 0.0732304 0.0713907 0.0711481 0.0731525 0.0682883 0.0701577 0.0710506 0.0755817 0.0755817 0.1014426 0.0744958 0.0590323 0.0645586 0.0623610 0.0625649 0.0625649 0.0625649 0.0626494 0.0625649 0.0605066 0.0627702 0.0626524 0.0647209 0.0627702 0.0055212 0.0281177 0.0073722 0.0300122 0.0073757 0.0055594 0.0055212 0.0092228 0.1164191 0.0706488 0.0883990 0.0706488 0.0839128 0.0989430 0.0964378 0.0988624 0.0940166 0.0964378 0.0964378 0.0963658 0.0963658 0.0989547 0.0989547 0.0989547 0.1015511 0.1014405 0.0989986 0.0989986 0.1014307 0.1387331 0.0710271 0.0613963 0.0613963 0.0630335 0.0592408 0.0219936 0.0241557 0.0392516 0.0249228 0.0211022 0.0191706 0.0230616 0.0230364 0.0548599 0.0548599 0.0528636 0.0548599 0.0542915 0.0548599 0.0548599 0.0548599 0.0694246 0.0817928 0.0823475 0.0679372 
78_VN024                         0.0384821 0.0384821 0.0384821 0.0384821 0.0388421 0.0385536 0.0036750 0.0055161 0.0036798 0.0018362 0.0000000 0.0037003 0.0616836 0.0055204 0.0187362 0.0636160 0.0188683 0.0386253 0.0055594 0.0206237 0.0391362 0.0719173 0.0701543 0.0690771 0.0723441 0.0679153 0.0870368 0.0691805 0.0746297 0.0655987 0.0787312 0.0807599 0.0725853 0.0746731 0.0724779 0.0728138 0.0705595 0.0764987 0.0736351 0.0818400 0.0750711 0.0724779 0.0819544 0.0817814 0.0942295 0.0917648 0.0404791 0.0384821 0.0300122 0.0625449 0.0862756 0.0656280 0.0676223 0.0803816 0.0846247 0.0709075 0.0661005 0.1193867 0.0915812 0.0731525 0.0752383 0.0753186 0.0734833 0.0732335 0.0752383 0.0709822 0.0723380 0.0710506 0.0776805 0.0776805 0.1045396 0.0744958 0.0590323 0.0624956 0.0603096 0.0605066 0.0605066 0.0605066 0.0605881 0.0605066 0.0584553 0.0607049 0.0605911 0.0626524 0.0607049 0.0036750 0.0300122 0.0055204 0.0319091 0.0055230 0.0037003 0.0036750 0.0073665 0.1164191 0.0706488 0.0884190 0.0706488 0.0839128 0.0989430 0.0964378 0.0988624 0.0940166 0.0964378 0.0964378 0.0963658 0.0963658 0.0989547 0.0989547 0.0989547 0.1015511 0.1014405 0.0989986 0.0989986 0.1014307 0.1387331 0.0734561 0.0635608 0.0635608 0.0651138 0.0614025 0.0199597 0.0221047 0.0413477 0.0229675 0.0191521 0.0211022 0.0211047 0.0210817 0.0548717 0.0548717 0.0528751 0.0548717 0.0543040 0.0548717 0.0548717 0.0548717 0.0717973 0.0817928 0.0823475 0.0679372 
79_VN025                         0.0365405 0.0365405 0.0365405 0.0365405 0.0368823 0.0366084 0.0000010 0.0018472 0.0000010 0.0055594 0.0037003 0.0000000 0.0637982 0.0000010 0.0188683 0.0640934 0.0188683 0.0366765 0.0018489 0.0207691 0.0370577 0.0745137 0.0724324 0.0713180 0.0749350 0.0702576 0.0892919 0.0714250 0.0770629 0.0679315 0.0809689 0.0833308 0.0748121 0.0769047 0.0747013 0.0751837 0.0729228 0.0789984 0.0759631 0.0845282 0.0774475 0.0747013 0.0843532 0.0841749 0.0965233 0.0940973 0.0385330 0.0365405 0.0263850 0.0651704 0.0892491 0.0687918 0.0701865 0.0803816 0.0875985 0.0687867 0.0661005 0.1225738 0.0944435 0.0731525 0.0752383 0.0753186 0.0714065 0.0711639 0.0752383 0.0683079 0.0701740 0.0754236 0.0798857 0.0798857 0.1045396 0.0767220 0.0611763 0.0650491 0.0628330 0.0630400 0.0630400 0.0630400 0.0631259 0.0630400 0.0609653 0.0630400 0.0630400 0.0651220 0.0630400 0.0000010 0.0263850 0.0018486 0.0282887 0.0018495 0.0000010 0.0000010 0.0037003 0.1129596 0.0729977 0.0914155 0.0729977 0.0862277 0.1015110 0.0989959 0.1014275 0.0965678 0.0989959 0.0989959 0.0989222 0.0989222 0.1015227 0.1015227 0.1015227 0.1041311 0.1040171 0.1015681 0.1015681 0.1040072 0.1417161 0.0734750 0.0635608 0.0635608 0.0651138 0.0614025 0.0199597 0.0221047 0.0371193 0.0229675 0.0191521 0.0211022 0.0211047 0.0210817 0.0573629 0.0573629 0.0553459 0.0573629 0.0565083 0.0573629 0.0573629 0.0573629 0.0742639 0.0879559 0.0867964 0.0701904 
7CH                              0.0526676 0.0526676 0.0526676 0.0526676 0.0531656 0.0535416 0.0637982 0.0658383 0.0637982 0.0616701 0.0616836 0.0637982 0.0000000 0.0637982 0.0620800 0.0601866 0.0620800 0.0528657 0.0617609 0.0641279 0.0543134 0.0874835 0.0818970 0.0802489 0.0905707 0.0822723 0.0982542 0.0803701 0.0871960 0.0798929 0.0898732 0.0887428 0.0792300 0.0793120 0.0791122 0.0825723 0.0802856 0.0868069 0.0809690 0.0925603 0.0848612 0.0813429 0.0966410 0.0987543 0.1056094 0.1008938 0.0547186 0.0529550 0.0666324 0.0757449 0.0695376 0.0696032 0.0918275 0.1047944 0.0741729 0.0959920 0.0620745 0.1326206 0.0979440 0.0828331 0.0849646 0.0807045 0.0658060 0.0655805 0.0828516 0.0743282 0.0664289 0.0912572 0.0677243 0.0677243 0.1099243 0.0770215 0.0512618 0.0545348 0.0523857 0.0525564 0.0525564 0.0525564 0.0526270 0.0525564 0.0505244 0.0525564 0.0525564 0.0525513 0.0525564 0.0625837 0.0707209 0.0646403 0.0686390 0.0646713 0.0625837 0.0625837 0.0666538 0.1427229 0.0691928 0.0869345 0.0691928 0.0875237 0.0932406 0.0880979 0.0904814 0.0882141 0.0906011 0.0906011 0.0907051 0.0907051 0.0930768 0.0930768 0.0930768 0.1028165 0.1027056 0.1003145 0.1002896 0.1026959 0.1386475 0.0685478 0.0615626 0.0615626 0.0611465 0.0594018 0.0613635 0.0639385 0.0737873 0.0670926 0.0630682 0.0630541 0.0630682 0.0651492 0.0129314 0.0129314 0.0148031 0.0129314 0.0079461 0.0129314 0.0129314 0.0129314 0.0652951 0.1284223 0.1086671 0.0684565 
82_VN028                         0.0365405 0.0365405 0.0365405 0.0365405 0.0368823 0.0366084 0.0018360 0.0036744 0.0018384 0.0073722 0.0055204 0.0000010 0.0637982 0.0000000 0.0206403 0.0657084 0.0188683 0.0366765 0.0018489 0.0225319 0.0370577 0.0740611 0.0724324 0.0713180 0.0749350 0.0702576 0.0892919 0.0714250 0.0770629 0.0679315 0.0809689 0.0833308 0.0748121 0.0769047 0.0747013 0.0751837 0.0729228 0.0789984 0.0759631 0.0845282 0.0774475 0.0747013 0.0843532 0.0841749 0.0965233 0.0940973 0.0385330 0.0365405 0.0276047 0.0667100 0.0889400 0.0687918 0.0701865 0.0803816 0.0873324 0.0687867 0.0661005 0.1225738 0.0944435 0.0731525 0.0752383 0.0753186 0.0714065 0.0711639 0.0752383 0.0683079 0.0701740 0.0754236 0.0798857 0.0798857 0.1045396 0.0767220 0.0611763 0.0779263 0.0644238 0.0739578 0.0759330 0.0646348 0.0647223 0.0646348 0.0625692 0.0627837 0.0626659 0.0647348 0.0627837 0.0018360 0.0281136 0.0036773 0.0300078 0.0036790 0.0000010 0.0018360 0.0055204 0.1129596 0.0729977 0.0910478 0.0729977 0.0862277 0.1015110 0.0989959 0.1014275 0.0965678 0.0989959 0.0989959 0.0989222 0.0989222 0.1015227 0.1015227 0.1015227 0.1041311 0.1040171 0.1015681 0.1015681 0.1040072 0.1417161 0.0734750 0.0635608 0.0635608 0.0651138 0.0614025 0.0199597 0.0221047 0.0371193 0.0229675 0.0191521 0.0211022 0.0211047 0.0210817 0.0578727 0.0578727 0.0559055 0.0578727 0.0565083 0.0578727 0.0578727 0.0578727 0.0742639 0.0879559 0.0867964 0.0701904 
84_VN113                         0.0404699 0.0404699 0.0404699 0.0404699 0.0408490 0.0405452 0.0187362 0.0206237 0.0187614 0.0206433 0.0187362 0.0188683 0.0620800 0.0206403 0.0000000 0.0576354 0.0000010 0.0406207 0.0169699 0.0018371 0.0391157 0.0743672 0.0615160 0.0628028 0.0624331 0.0590203 0.0808300 0.0628969 0.0654333 0.0567256 0.0725232 0.0736290 0.0685856 0.0706772 0.0684839 0.0661902 0.0639402 0.0695373 0.0671335 0.0742603 0.0684433 0.0663595 0.0823362 0.0821616 0.0969680 0.0854899 0.0424738 0.0404699 0.0322469 0.0649775 0.0889528 0.0597682 0.0704819 0.0778710 0.0761404 0.0670478 0.0598862 0.1134401 0.0861646 0.0776411 0.0797414 0.0755436 0.0760152 0.0757552 0.0797414 0.0739501 0.0703911 0.0666879 0.0737460 0.0737460 0.1076205 0.0746062 0.0528646 0.0606310 0.0586401 0.0586401 0.0586401 0.0586401 0.0587191 0.0586401 0.0565888 0.0588325 0.0587220 0.0607833 0.0588325 0.0187362 0.0322469 0.0206403 0.0341666 0.0206500 0.0207579 0.0206126 0.0187362 0.1131758 0.0639833 0.0821425 0.0639833 0.0774476 0.0893873 0.0893166 0.0917346 0.0869021 0.0893166 0.0893166 0.0892493 0.0892493 0.0918195 0.0918195 0.0918195 0.0945321 0.0944296 0.0919912 0.0919912 0.0944203 0.1359972 0.0685696 0.0591959 0.0591959 0.0589923 0.0570448 0.0000010 0.0019734 0.0456683 0.0037505 0.0000010 0.0018785 0.0018797 0.0018785 0.0551058 0.0551058 0.0531005 0.0551058 0.0545477 0.0551058 0.0551058 0.0551058 0.0647286 0.0852803 0.0890529 0.0636023 
86_VN115                         0.0643073 0.0643073 0.0643073 0.0643073 0.0649325 0.0644314 0.0636160 0.0615213 0.0616044 0.0615844 0.0636160 0.0640934 0.0601866 0.0657084 0.0576354 0.0000000 0.0580676 0.0645560 0.0662122 0.0596651 0.0646173 0.0865634 0.0772757 0.0782067 0.0854294 0.0775047 0.0962442 0.0783249 0.0799045 0.0751450 0.0878584 0.0836431 0.0771572 0.0772372 0.0770425 0.0777259 0.0754542 0.0816879 0.0762233 0.0899522 0.0800006 0.0770425 0.0822288 0.0820547 0.0944750 0.0965769 0.0622594 0.0643073 0.0619844 0.0889519 0.0997516 0.0854027 0.0808947 0.0913549 0.0811047 0.0792542 0.0000010 0.1278900 0.1079109 0.0858085 0.0858085 0.0836548 0.0662557 0.0660271 0.0879650 0.0527146 0.0618686 0.0781808 0.0706358 0.0706358 0.0992958 0.0890276 0.0344536 0.0450799 0.0449750 0.0430942 0.0430942 0.0430942 0.0452001 0.0430942 0.0410655 0.0432363 0.0431546 0.0471864 0.0432363 0.0636160 0.0619844 0.0634950 0.0640290 0.0657401 0.0661075 0.0656149 0.0636160 0.1178131 0.0812301 0.0946265 0.0812301 0.0970092 0.1084440 0.1056628 0.1081437 0.1031852 0.1056628 0.1056628 0.1057853 0.1057853 0.1082480 0.1082480 0.1082480 0.1113266 0.1112006 0.1086929 0.1086929 0.1111902 0.1478166 0.0066269 0.0000010 0.0000010 0.0000010 0.0019781 0.0591959 0.0617521 0.0698916 0.0630192 0.0589923 0.0569169 0.0590059 0.0610706 0.0595341 0.0595341 0.0616263 0.0595341 0.0569481 0.0595341 0.0595341 0.0595341 0.0436573 0.1097348 0.1074114 0.0873239 
89_VN118                         0.0404699 0.0404699 0.0404699 0.0404699 0.0408490 0.0405452 0.0188683 0.0207691 0.0188938 0.0207890 0.0188683 0.0188683 0.0620800 0.0188683 0.0000010 0.0580676 0.0000000 0.0406207 0.0169699 0.0018507 0.0391157 0.0748236 0.0615160 0.0628028 0.0624331 0.0590203 0.0808300 0.0628969 0.0654333 0.0567256 0.0725232 0.0736290 0.0685856 0.0706772 0.0684839 0.0661902 0.0639402 0.0695373 0.0671335 0.0742603 0.0684433 0.0663595 0.0823362 0.0821616 0.0969680 0.0854899 0.0424738 0.0404699 0.0324770 0.0654756 0.0896653 0.0597682 0.0704819 0.0778710 0.0767491 0.0670478 0.0598862 0.1134401 0.0861646 0.0776411 0.0797414 0.0755436 0.0760152 0.0757552 0.0797414 0.0739501 0.0703911 0.0666879 0.0737460 0.0737460 0.1076205 0.0746062 0.0528646 0.0610783 0.0590724 0.0590724 0.0590724 0.0590724 0.0591527 0.0590724 0.0570053 0.0590724 0.0590724 0.0611467 0.0590724 0.0188683 0.0324770 0.0207860 0.0344106 0.0207959 0.0207579 0.0207579 0.0188683 0.1131758 0.0639833 0.0827966 0.0639833 0.0774476 0.0893873 0.0893166 0.0917346 0.0869021 0.0893166 0.0893166 0.0892493 0.0892493 0.0918195 0.0918195 0.0918195 0.0945321 0.0944296 0.0919912 0.0919912 0.0944203 0.1359972 0.0685696 0.0591959 0.0591959 0.0589923 0.0570448 0.0000010 0.0019734 0.0456683 0.0037505 0.0000010 0.0018785 0.0018797 0.0018785 0.0555148 0.0555148 0.0534943 0.0555148 0.0545477 0.0555148 0.0555148 0.0555148 0.0647286 0.0852803 0.0890529 0.0636023 
8CH                              0.0000010 0.0000010 0.0000010 0.0000010 0.0000010 0.0000010 0.0366765 0.0386336 0.0347412 0.0386253 0.0386253 0.0366765 0.0528657 0.0366765 0.0406207 0.0645560 0.0406207 0.0000000 0.0386715 0.0425845 0.0000010 0.0800756 0.0702681 0.0689734 0.0724734 0.0680289 0.0869063 0.0690766 0.0747582 0.0657083 0.0786137 0.0809701 0.0725280 0.0746138 0.0724208 0.0729899 0.0707311 0.0766936 0.0738107 0.0820583 0.0752529 0.0746252 0.0866245 0.0864414 0.0983699 0.0939953 0.0018323 0.0000010 0.0361449 0.0645891 0.0880054 0.0754385 0.0834537 0.0778505 0.0864097 0.0689589 0.0663274 0.1196641 0.0917770 0.0864481 0.0885696 0.0843295 0.0694852 0.0692486 0.0864672 0.0743136 0.0703523 0.0825119 0.0737324 0.0737324 0.1157166 0.0850288 0.0719532 0.0722774 0.0700536 0.0702822 0.0702822 0.0702822 0.0703770 0.0702822 0.0682139 0.0702822 0.0702822 0.0723577 0.0702822 0.0360018 0.0400424 0.0379535 0.0380728 0.0379713 0.0379020 0.0379020 0.0360018 0.1168837 0.0752689 0.0903477 0.0752689 0.0931290 0.1017447 0.0991497 0.1015280 0.0992814 0.1016618 0.1016618 0.1015888 0.1015888 0.1041432 0.1041432 0.1041432 0.1043106 0.1041988 0.1018006 0.1018006 0.1041891 0.1382649 0.0712326 0.0638819 0.0638819 0.0653343 0.0617129 0.0386902 0.0410081 0.0504785 0.0449747 0.0410907 0.0410907 0.0431264 0.0430775 0.0527105 0.0527105 0.0507233 0.0527105 0.0481351 0.0527105 0.0527105 0.0527105 0.0843132 0.1038180 0.1000572 0.0681489 
91_VN120                         0.0385280 0.0385280 0.0385280 0.0385280 0.0388889 0.0385996 0.0018489 0.0037003 0.0018514 0.0074244 0.0055594 0.0018489 0.0617609 0.0018489 0.0169699 0.0662122 0.0169699 0.0386715 0.0000000 0.0188683 0.0391864 0.0724480 0.0702487 0.0691685 0.0724546 0.0680093 0.0871516 0.0692722 0.0747366 0.0656893 0.0788347 0.0808817 0.0726806 0.0747712 0.0725729 0.0729155 0.0706579 0.0766111 0.0737361 0.0819689 0.0751761 0.0725729 0.0867418 0.0865581 0.0988045 0.0918896 0.0405286 0.0385280 0.0283159 0.0630879 0.0870595 0.0657302 0.0677076 0.0778791 0.0853978 0.0710010 0.0682892 0.1196052 0.0917340 0.0710696 0.0731525 0.0732304 0.0693163 0.0690809 0.0731525 0.0656181 0.0679964 0.0732744 0.0777812 0.0777812 0.1014426 0.0745934 0.0590947 0.0630342 0.0608272 0.0610276 0.0610276 0.0610276 0.0611106 0.0610276 0.0589577 0.0610276 0.0610276 0.0631047 0.0610276 0.0018489 0.0283159 0.0037032 0.0302240 0.0037049 0.0018489 0.0018489 0.0055594 0.1095076 0.0707306 0.0892231 0.0707306 0.0840076 0.0990672 0.0965583 0.0989863 0.0941339 0.0965583 0.0965583 0.0964863 0.0964863 0.0990789 0.0990789 0.0990789 0.1016791 0.1015681 0.0991229 0.0991229 0.1015583 0.1389682 0.0760030 0.0658012 0.0658012 0.0672681 0.0636374 0.0179509 0.0200803 0.0392516 0.0210391 0.0172250 0.0191706 0.0191729 0.0191521 0.0553459 0.0553459 0.0533316 0.0553459 0.0543760 0.0553459 0.0553459 0.0553459 0.0718844 0.0849343 0.0846162 0.0680125 
92_VN121                         0.0424264 0.0424264 0.0424264 0.0424264 0.0428239 0.0425053 0.0206237 0.0225138 0.0206521 0.0225352 0.0206237 0.0207691 0.0641279 0.0225319 0.0018371 0.0596651 0.0018507 0.0425845 0.0188683 0.0000000 0.0412047 0.0764316 0.0636859 0.0649452 0.0648912 0.0612540 0.0829636 0.0650426 0.0677441 0.0589534 0.0746506 0.0760687 0.0707163 0.0728099 0.0706113 0.0684504 0.0661971 0.0719155 0.0693527 0.0768047 0.0707067 0.0684839 0.0846278 0.0844482 0.0991496 0.0876936 0.0444352 0.0424264 0.0341666 0.0670565 0.0911377 0.0628244 0.0729759 0.0803730 0.0783140 0.0691944 0.0619965 0.1163904 0.0888586 0.0797414 0.0818445 0.0776411 0.0781261 0.0778588 0.0818445 0.0766641 0.0725787 0.0688226 0.0758493 0.0758493 0.1107295 0.0767348 0.0549376 0.0626301 0.0606367 0.0606367 0.0606367 0.0606367 0.0607185 0.0606367 0.0585806 0.0608358 0.0607215 0.0627876 0.0608358 0.0206237 0.0341666 0.0225319 0.0360888 0.0225425 0.0226604 0.0225017 0.0206237 0.1166424 0.0662414 0.0843108 0.0662414 0.0796590 0.0918170 0.0917437 0.0941654 0.0893256 0.0917437 0.0917437 0.0916748 0.0916748 0.0942529 0.0942529 0.0942529 0.0969773 0.0968718 0.0944296 0.0944296 0.0968623 0.1387365 0.0709937 0.0613560 0.0613560 0.0610706 0.0592019 0.0019618 0.0039496 0.0477789 0.0056296 0.0018785 0.0037618 0.0037618 0.0000010 0.0571137 0.0571137 0.0551058 0.0571137 0.0566882 0.0571137 0.0571137 0.0571137 0.0670955 0.0883148 0.0912414 0.0657715 
9CH                              0.0000010 0.0000010 0.0000010 0.0000010 0.0000010 0.0000010 0.0370577 0.0391452 0.0349936 0.0391362 0.0391362 0.0370577 0.0543134 0.0370577 0.0391157 0.0646173 0.0391157 0.0000010 0.0391864 0.0412047 0.0000000 0.0738047 0.0677878 0.0671659 0.0724734 0.0686109 0.0671659 0.0671659 0.0739293 0.0662694 0.0671659 0.0802269 0.0720580 0.0743718 0.0720580 0.0736194 0.0713406 0.0766936 0.0729991 0.0820583 0.0759023 0.0720580 0.0873743 0.0871880 0.0877242 0.0888326 0.0019496 0.0000010 0.0361970 0.0618140 0.0841447 0.0754385 0.0834537 0.0752919 0.0823562 0.0622434 0.0656538 0.1196641 0.0917770 0.0780163 0.0802440 0.0757918 0.0625170 0.0625170 0.0780346 0.0743136 0.0654479 0.0758012 0.0690073 0.0690073 0.1157166 0.0828128 0.0715967 0.0684750 0.0658234 0.0660247 0.0660247 0.0660247 0.0659177 0.0661554 0.0636534 0.0658234 0.0660247 0.0682107 0.0660247 0.0361535 0.0404380 0.0382227 0.0383489 0.0382418 0.0381678 0.0381678 0.0361535 0.1168837 0.0760479 0.0796719 0.0760479 0.0763327 0.0943835 0.0918016 0.0941628 0.0919212 0.0942867 0.0942867 0.0942400 0.0942400 0.0967422 0.0967422 0.0967422 0.0969195 0.0968166 0.0944355 0.0944355 0.0968074 0.1382649 0.0717697 0.0646173 0.0646173 0.0646173 0.0624228 0.0391157 0.0412538 0.0494688 0.0391157 0.0391157 0.0391157 0.0412538 0.0412047 0.0494600 0.0494600 0.0473647 0.0494600 0.0486792 0.0494600 0.0494600 0.0494600 0.0879746 0.1038180 0.0870720 0.0674282 
Afrololigo_mercatoris_FEA        0.0797705 0.0791521 0.0793847 0.0790404 0.0778555 0.0789580 0.0740611 0.0761167 0.0720464 0.0719173 0.0719173 0.0745137 0.0874835 0.0740611 0.0743672 0.0865634 0.0748236 0.0800756 0.0724480 0.0764316 0.0738047 0.0000000 0.0358160 0.0352179 0.0406734 0.0369017 0.0554253 0.0352701 0.0402873 0.0391032 0.0451168 0.0325814 0.0285023 0.0305440 0.0284607 0.0303368 0.0302878 0.0318347 0.0298528 0.0365321 0.0325256 0.0284607 0.0526185 0.0525079 0.0621193 0.0438885 0.0773531 0.0802175 0.0825765 0.0695461 0.0870777 0.0690457 0.0737972 0.0740631 0.0822367 0.0738465 0.0877251 0.0962177 0.0735253 0.0860254 0.0881887 0.0838651 0.0750582 0.0747976 0.0881887 0.0753415 0.0736484 0.0810097 0.0863911 0.0863911 0.0937911 0.0921683 0.0908225 0.0750553 0.0721380 0.0726859 0.0726859 0.0726859 0.0724720 0.0728228 0.0743815 0.0725096 0.0726859 0.0767941 0.0728228 0.0743798 0.0829345 0.0722744 0.0849676 0.0764938 0.0768070 0.0763506 0.0743798 0.0933263 0.0647891 0.0896157 0.0647891 0.0876246 0.0879785 0.0901278 0.0925055 0.0853745 0.0877446 0.0877446 0.0878450 0.0878450 0.0902010 0.0902010 0.0902010 0.0857679 0.0808145 0.0832933 0.0832933 0.0856689 0.1212137 0.0904326 0.0833283 0.0833283 0.0863711 0.0810817 0.0704184 0.0730817 0.0856047 0.0779733 0.0739170 0.0739170 0.0739170 0.0760256 0.0814542 0.0814542 0.0794116 0.0814542 0.0805888 0.0814542 0.0814542 0.0814542 0.1037984 0.0885008 0.0895483 0.0800423 
Alloteuthis_africana_312327      0.0702681 0.0702681 0.0702681 0.0702681 0.0702681 0.0702681 0.0724324 0.0746193 0.0725428 0.0701381 0.0701543 0.0724324 0.0818970 0.0724324 0.0615160 0.0772757 0.0615160 0.0702681 0.0702487 0.0636859 0.0677878 0.0358160 0.0000000 0.0000010 0.0000010 0.0000010 0.0000010 0.0000010 0.0020740 0.0020175 0.0000010 0.0288651 0.0261766 0.0282356 0.0261766 0.0269620 0.0290926 0.0282330 0.0264723 0.0324616 0.0290549 0.0261766 0.0352245 0.0372500 0.0362267 0.0415600 0.0680939 0.0702681 0.0818199 0.0746475 0.0900546 0.0677354 0.0775051 0.0981899 0.0847642 0.0868932 0.0772757 0.1145859 0.0906571 0.0896854 0.0919439 0.0874301 0.0806210 0.0806210 0.0919439 0.0858048 0.0734441 0.0859028 0.0831477 0.0831477 0.1089406 0.0920032 0.0620566 0.0724916 0.0703130 0.0703130 0.0703130 0.0703130 0.0704168 0.0703130 0.0724987 0.0703130 0.0703130 0.0725797 0.0703130 0.0724324 0.0818199 0.0701453 0.0840368 0.0747297 0.0745774 0.0745774 0.0679926 0.1175726 0.0606318 0.0790705 0.0606318 0.0641902 0.0887502 0.0860491 0.0885060 0.0835970 0.0860491 0.0860491 0.0861513 0.0861513 0.0885894 0.0885894 0.0885894 0.0887502 0.0886531 0.0862059 0.0861837 0.0886440 0.1129032 0.0835470 0.0763281 0.0763281 0.0772757 0.0740980 0.0581345 0.0607311 0.0884795 0.0615160 0.0615160 0.0615017 0.0615160 0.0636859 0.0815576 0.0815576 0.0793505 0.0815576 0.0806770 0.0815576 0.0815576 0.0815576 0.0804528 0.1021770 0.0929982 0.0670750 
Alloteuthis_africana_312328      0.0689734 0.0689734 0.0689734 0.0689734 0.0689734 0.0689734 0.0713180 0.0734705 0.0714250 0.0690613 0.0690771 0.0713180 0.0802489 0.0713180 0.0628028 0.0782067 0.0628028 0.0689734 0.0691685 0.0649452 0.0671659 0.0352179 0.0000010 0.0000000 0.0000010 0.0000010 0.0000010 0.0000010 0.0020740 0.0020175 0.0000010 0.0289271 0.0256830 0.0276643 0.0256477 0.0270161 0.0291511 0.0282923 0.0265245 0.0324616 0.0291132 0.0276686 0.0331469 0.0351746 0.0334530 0.0432632 0.0668400 0.0689734 0.0805484 0.0757975 0.0883025 0.0679271 0.0776851 0.0982474 0.0856356 0.0929151 0.0790741 0.1145859 0.0906571 0.0899834 0.0921958 0.0877741 0.0811030 0.0811030 0.0921958 0.0860252 0.0749739 0.0911512 0.0837144 0.0837144 0.1092555 0.0927282 0.0634722 0.0734249 0.0710317 0.0712806 0.0712806 0.0712806 0.0713842 0.0712806 0.0734319 0.0712806 0.0712806 0.0756624 0.0712806 0.0713180 0.0805484 0.0690684 0.0827300 0.0735775 0.0734298 0.0734298 0.0669490 0.1179489 0.0600607 0.0822397 0.0600607 0.0743138 0.0878578 0.0851871 0.0876186 0.0827590 0.0851871 0.0851871 0.0852871 0.0852871 0.0877001 0.0877001 0.0877001 0.0878578 0.0877627 0.0853406 0.0853188 0.0877538 0.1116625 0.0837378 0.0756292 0.0756292 0.0782067 0.0734207 0.0576091 0.0601782 0.0886666 0.0628028 0.0628028 0.0627884 0.0628028 0.0649452 0.0843716 0.0843716 0.0822004 0.0843716 0.0799390 0.0843716 0.0843716 0.0843716 0.0824795 0.1024619 0.0958161 0.0658976 
Alloteuthis_africana_312329      0.0724734 0.0724734 0.0724734 0.0724734 0.0724734 0.0724734 0.0749350 0.0774195 0.0750646 0.0723251 0.0723441 0.0749350 0.0905707 0.0749350 0.0624331 0.0854294 0.0624331 0.0724734 0.0724546 0.0648912 0.0724734 0.0406734 0.0000010 0.0000010 0.0000000 0.0000010 0.0000010 0.0000010 0.0023220 0.0022259 0.0000010 0.0326794 0.0296456 0.0319848 0.0296456 0.0299065 0.0322774 0.0299065 0.0296456 0.0324616 0.0322306 0.0296456 0.0366823 0.0389217 0.0386539 0.0372663 0.0700044 0.0724734 0.0856357 0.0744405 0.0895610 0.0724160 0.0842422 0.1016480 0.0862079 0.0884786 0.0854294 0.1121400 0.0933332 0.0891586 0.0917167 0.0866048 0.0788988 0.0788988 0.0917167 0.0896089 0.0760300 0.0876608 0.0818056 0.0818056 0.1092555 0.0945729 0.0678628 0.0774912 0.0750126 0.0750126 0.0750126 0.0750126 0.0751387 0.0750126 0.0774996 0.0750126 0.0750126 0.0775983 0.0750126 0.0749350 0.0856357 0.0723336 0.0881591 0.0775497 0.0773703 0.0773703 0.0698902 0.1179489 0.0681356 0.0772107 0.0681356 0.0656373 0.0681356 0.0681742 0.0707552 0.0655971 0.0681742 0.0681742 0.0681356 0.0681356 0.0708242 0.0708242 0.0708242 0.0681356 0.0680592 0.0654967 0.0654788 0.0680512 0.1106713 0.0910888 0.0854294 0.0854294 0.0854294 0.0829254 0.0624331 0.0624331 0.0978636 0.0624331 0.0624331 0.0624166 0.0624331 0.0648912 0.0901457 0.0901457 0.0876324 0.0901457 0.0901457 0.0901457 0.0901457 0.0901457 0.0862342 0.1106907 0.0978840 0.0634630 
Alloteuthis_africana_312330      0.0680289 0.0680289 0.0680289 0.0680289 0.0680289 0.0680289 0.0702576 0.0725093 0.0703680 0.0678990 0.0679153 0.0702576 0.0822723 0.0702576 0.0590203 0.0775047 0.0590203 0.0680289 0.0680093 0.0612540 0.0686109 0.0369017 0.0000010 0.0000010 0.0000010 0.0000000 0.0000010 0.0000010 0.0020961 0.0020175 0.0000010 0.0292581 0.0270161 0.0291425 0.0270161 0.0270161 0.0291511 0.0282923 0.0270161 0.0327520 0.0291132 0.0270161 0.0331469 0.0351746 0.0352327 0.0427367 0.0657902 0.0680289 0.0799090 0.0700415 0.0808855 0.0679271 0.0776851 0.0901349 0.0778318 0.0818112 0.0775047 0.1145859 0.0906571 0.0830826 0.0853954 0.0807733 0.0738061 0.0738061 0.0853954 0.0860252 0.0681387 0.0864162 0.0763703 0.0763703 0.1092555 0.0854503 0.0617111 0.0702101 0.0679704 0.0679704 0.0679704 0.0679704 0.0680736 0.0679704 0.0702172 0.0679704 0.0679704 0.0702978 0.0679704 0.0702576 0.0799090 0.0679063 0.0821924 0.0726198 0.0724672 0.0724672 0.0656893 0.1179489 0.0615956 0.0720743 0.0615956 0.0593361 0.0848629 0.0822877 0.0847726 0.0798077 0.0822877 0.0822877 0.0822453 0.0822453 0.0848528 0.0848528 0.0848528 0.0848629 0.0847692 0.0822979 0.0822764 0.0847602 0.1090413 0.0840357 0.0775047 0.0775047 0.0775047 0.0752393 0.0590203 0.0614631 0.0900569 0.0590203 0.0590203 0.0590061 0.0590203 0.0612540 0.0819208 0.0819208 0.0796444 0.0819208 0.0819208 0.0819208 0.0819208 0.0819208 0.0797237 0.1024619 0.0909424 0.0573725 
Alloteuthis_africana_312331      0.0869063 0.0869063 0.0869063 0.0869063 0.0850320 0.0869063 0.0892919 0.0914351 0.0894245 0.0870174 0.0870368 0.0892919 0.0982542 0.0892919 0.0808300 0.0962442 0.0808300 0.0869063 0.0871516 0.0829636 0.0671659 0.0554253 0.0000010 0.0000010 0.0000010 0.0000010 0.0000000 0.0000010 0.0020740 0.0020175 0.0000010 0.0289271 0.0352212 0.0372364 0.0352212 0.0270161 0.0291511 0.0282923 0.0265245 0.0324616 0.0291132 0.0372420 0.0331469 0.0351746 0.0330430 0.0632903 0.0847830 0.0869063 0.0986126 0.0943086 0.1068612 0.0679271 0.0776851 0.0982474 0.1046140 0.1116605 0.0889565 0.1145859 0.0906571 0.0997953 0.1019947 0.0975990 0.0909600 0.0951305 0.1019947 0.0860252 0.0852106 0.1012138 0.0936032 0.0936032 0.1092555 0.1025808 0.0733970 0.0913785 0.0889367 0.0892445 0.0892445 0.0892445 0.0893737 0.0892445 0.0913865 0.0892445 0.0892445 0.0936264 0.0892445 0.0892919 0.0986126 0.0870259 0.1007843 0.0915678 0.0913864 0.0913864 0.0849214 0.1179489 0.0600607 0.1011319 0.0600607 0.0786127 0.0878578 0.0851871 0.0876186 0.0827590 0.0851871 0.0851871 0.0852871 0.0852871 0.0877001 0.0877001 0.0877001 0.0878578 0.0877627 0.0853406 0.0853188 0.0877538 0.1116625 0.0837378 0.0756292 0.0756292 0.0879899 0.0734207 0.0576091 0.0601782 0.0886666 0.0723190 0.0726308 0.0726144 0.0726308 0.0747614 0.1023159 0.1023159 0.1001542 0.1023159 0.0799390 0.1023159 0.1023159 0.1023159 0.1033468 0.1024619 0.1082502 0.0761736 
