140
10CH                             0.0000000 0.0000010 0.0000010 0.0000010 0.0000010 0.0000010 0.0365840 0.0385357 0.0346529 0.0385149 0.0385149 0.0365840 0.0527917 0.0365840 0.0405285 0.0644081 0.0405285 0.0000010 0.0385757 0.0424874 0.0000010 0.0799364 0.0704013 0.0691015 0.0726526 0.0681583 0.0872609 0.0692024 0.0749079 0.0658303 0.0787800 0.0811214 0.0726449 0.0747335 0.0725400 0.0731101 0.0708458 0.0768438 0.0739366 0.0822443 0.0753775 0.0747513 0.0868332 0.0866478 0.0986247 0.0942386 0.0018262 0.0000010 0.0360488 0.0665190 0.0879814 0.0758871 0.0838787 0.0782266 0.0861797 0.0691742 0.0664369 0.1207648 0.0920489 0.0867780 0.0889086 0.0846504 0.0697657 0.0695288 0.0868267 0.0745440 0.0705976 0.0827269 0.0739639 0.0739639 0.1163289 0.0852537 0.0720748 0.0721222 0.0699038 0.0701302 0.0701302 0.0701302 0.0702248 0.0701302 0.0680638 0.0701302 0.0701302 0.0722038 0.0701302 0.0359110 0.0399381 0.0378559 0.0379722 0.0378755 0.0378059 0.0378059 0.0359110 0.1176895 0.0753425 0.0901461 0.0753425 0.0932040 0.1018360 0.0993170 0.1017008 0.0994516 0.1018388 0.1018388 0.1016742 0.1016742 0.1043564 0.1043564 0.1043564 0.1044059 0.1043000 0.1018977 0.1018977 0.1042904 0.1398156 0.0713501 0.0639850 0.0639850 0.0654427 0.0618117 0.0387489 0.0410765 0.0505231 0.0450456 0.0411538 0.0411538 0.0431954 0.0431433 0.0526333 0.0526333 0.0506484 0.0526333 0.0482518 0.0526333 0.0526333 0.0526333 0.0844968 0.1044776 0.1003417 0.0683250 
12CH                             0.0000010 0.0000000 0.0000010 0.0000010 0.0000010 0.0000010 0.0365840 0.0385357 0.0346529 0.0385149 0.0385149 0.0365840 0.0527917 0.0365840 0.0405285 0.0644081 0.0405285 0.0000010 0.0385757 0.0424874 0.0000010 0.0793080 0.0704013 0.0691015 0.0726526 0.0681583 0.0872609 0.0692024 0.0749079 0.0658303 0.0787800 0.0811214 0.0726449 0.0747335 0.0725400 0.0731101 0.0708458 0.0768438 0.0739366 0.0822443 0.0753775 0.0747513 0.0868332 0.0866478 0.0986247 0.0942386 0.0018171 0.0000010 0.0357797 0.0659916 0.0872569 0.0758871 0.0838787 0.0782266 0.0854680 0.0691742 0.0664369 0.1207648 0.0920489 0.0867780 0.0889086 0.0846504 0.0697657 0.0695288 0.0868267 0.0745440 0.0705976 0.0827269 0.0739639 0.0739639 0.1163289 0.0852537 0.0720748 0.0721222 0.0693703 0.0697954 0.0697954 0.0697954 0.0696856 0.0699262 0.0675434 0.0695932 0.0697954 0.0718586 0.0697954 0.0357445 0.0397516 0.0376802 0.0377951 0.0376996 0.0376307 0.0376307 0.0357445 0.1176895 0.0753425 0.0894029 0.0753425 0.0932040 0.1009092 0.0984150 0.1007767 0.0985475 0.1009117 0.1009117 0.1007496 0.1007496 0.1034050 0.1034050 0.1034050 0.1034534 0.1033496 0.1009699 0.1009699 0.1033401 0.1398156 0.0713501 0.0639850 0.0639850 0.0654427 0.0618117 0.0387489 0.0410765 0.0505231 0.0450456 0.0411538 0.0411538 0.0431954 0.0431433 0.0522298 0.0522298 0.0502603 0.0522298 0.0482518 0.0522298 0.0522298 0.0522298 0.0844968 0.1044776 0.1003417 0.0683250 
13CH                             0.0000010 0.0000010 0.0000000 0.0000010 0.0000010 0.0000010 0.0365840 0.0385357 0.0346529 0.0385149 0.0385149 0.0365840 0.0527917 0.0365840 0.0405285 0.0644081 0.0405285 0.0000010 0.0385757 0.0424874 0.0000010 0.0795447 0.0704013 0.0691015 0.0726526 0.0681583 0.0872609 0.0692024 0.0749079 0.0658303 0.0787800 0.0811214 0.0726449 0.0747335 0.0725400 0.0731101 0.0708458 0.0768438 0.0739366 0.0822443 0.0753775 0.0747513 0.0868332 0.0866478 0.0986247 0.0942386 0.0018171 0.0000010 0.0358808 0.0661901 0.0875300 0.0758871 0.0838787 0.0782266 0.0857362 0.0691742 0.0664369 0.1207648 0.0920489 0.0867780 0.0889086 0.0846504 0.0697657 0.0695288 0.0868267 0.0745440 0.0705976 0.0827269 0.0739639 0.0739639 0.1163289 0.0852537 0.0720748 0.0721222 0.0695712 0.0697954 0.0697954 0.0697954 0.0698882 0.0699262 0.0677394 0.0697954 0.0697954 0.0718586 0.0697954 0.0357445 0.0397516 0.0376802 0.0377951 0.0376996 0.0376307 0.0376307 0.0357445 0.1176895 0.0753425 0.0896830 0.0753425 0.0932040 0.1012586 0.0987543 0.1011247 0.0988883 0.1012616 0.1012616 0.1010988 0.1010988 0.1037638 0.1037638 0.1037638 0.1038126 0.1037080 0.1013197 0.1013197 0.1036985 0.1398156 0.0713501 0.0639850 0.0639850 0.0654427 0.0618117 0.0387489 0.0410765 0.0505231 0.0450456 0.0411538 0.0411538 0.0431954 0.0431433 0.0523815 0.0523815 0.0504062 0.0523815 0.0482518 0.0523815 0.0523815 0.0523815 0.0844968 0.1044776 0.1003417 0.0683250 
1CH                              0.0000010 0.0000010 0.0000010 0.0000000 0.0000010 0.0000010 0.0365840 0.0385357 0.0346529 0.0385149 0.0385149 0.0365840 0.0527917 0.0365840 0.0405285 0.0644081 0.0405285 0.0000010 0.0385757 0.0424874 0.0000010 0.0791986 0.0704013 0.0691015 0.0726526 0.0681583 0.0872609 0.0692024 0.0749079 0.0658303 0.0787800 0.0811214 0.0726449 0.0747335 0.0725400 0.0731101 0.0708458 0.0768438 0.0739366 0.0822443 0.0753775 0.0747513 0.0868332 0.0866478 0.0986247 0.0942386 0.0018171 0.0000010 0.0357328 0.0658083 0.0870053 0.0758871 0.0838787 0.0782266 0.0852202 0.0691742 0.0664369 0.1207648 0.0920489 0.0867780 0.0889086 0.0846504 0.0697657 0.0695288 0.0868267 0.0745440 0.0705976 0.0827269 0.0739639 0.0739639 0.1163289 0.0852537 0.0720748 0.0721222 0.0692773 0.0697954 0.0697954 0.0697954 0.0695916 0.0699262 0.0674528 0.0694996 0.0697954 0.0718586 0.0697954 0.0357445 0.0397516 0.0376802 0.0377951 0.0376996 0.0376307 0.0376307 0.0357445 0.1176895 0.0753425 0.0891447 0.0753425 0.0932040 0.1007482 0.0982580 0.1006160 0.0983904 0.1007504 0.1007504 0.1005901 0.1005901 0.1032398 0.1032398 0.1032398 0.1032880 0.1031845 0.1008087 0.1008087 0.1031750 0.1398156 0.0713501 0.0639850 0.0639850 0.0654427 0.0618117 0.0387489 0.0410765 0.0505231 0.0450456 0.0411538 0.0411538 0.0431954 0.0431433 0.0520895 0.0520895 0.0501254 0.0520895 0.0482518 0.0520895 0.0520895 0.0520895 0.0844968 0.1044776 0.1003417 0.0683250 
4CH                              0.0000010 0.0000010 0.0000010 0.0000010 0.0000000 0.0000010 0.0369295 0.0388998 0.0349803 0.0388786 0.0388786 0.0369295 0.0532960 0.0369295 0.0409117 0.0650403 0.0409117 0.0000010 0.0389404 0.0428894 0.0000010 0.0780148 0.0704013 0.0691015 0.0726526 0.0681583 0.0852978 0.0692024 0.0749079 0.0658303 0.0787800 0.0811214 0.0726449 0.0747335 0.0725400 0.0731101 0.0708458 0.0768438 0.0739366 0.0822443 0.0753775 0.0747513 0.0868332 0.0866478 0.0986247 0.0925978 0.0018337 0.0000010 0.0361100 0.0645687 0.0881363 0.0758871 0.0838787 0.0782266 0.0863332 0.0693144 0.0664369 0.1207648 0.0920489 0.0867780 0.0889086 0.0846504 0.0697657 0.0695288 0.0868267 0.0745440 0.0705976 0.0827269 0.0739639 0.0739639 0.1163289 0.0852537 0.0720748 0.0728063 0.0700212 0.0704542 0.0704542 0.0704542 0.0703424 0.0705875 0.0681783 0.0702482 0.0704542 0.0725378 0.0704542 0.0360743 0.0401202 0.0380283 0.0381452 0.0380480 0.0379778 0.0379778 0.0360743 0.1176895 0.0753425 0.0903045 0.0753425 0.0932040 0.1009092 0.0984150 0.1007767 0.0985475 0.1009117 0.1009117 0.1007496 0.1007496 0.1034050 0.1034050 0.1034050 0.1034534 0.1033496 0.1009699 0.1009699 0.1033401 0.1398156 0.0713501 0.0639850 0.0639850 0.0654427 0.0618117 0.0387489 0.0410765 0.0505231 0.0450456 0.0411538 0.0411538 0.0431954 0.0431433 0.0527235 0.0527235 0.0507353 0.0527235 0.0482518 0.0527235 0.0527235 0.0527235 0.0848799 0.1044776 0.1003417 0.0683250 
6CH                              0.0000010 0.0000010 0.0000010 0.0000010 0.0000010 0.0000000 0.0366526 0.0386080 0.0347179 0.0385871 0.0385871 0.0366526 0.0536708 0.0366526 0.0406046 0.0645336 0.0406046 0.0000010 0.0386481 0.0425672 0.0000010 0.0791227 0.0704013 0.0691015 0.0726526 0.0681583 0.0872609 0.0692024 0.0749079 0.0658303 0.0787800 0.0811214 0.0726449 0.0747335 0.0725400 0.0731101 0.0708458 0.0768438 0.0739366 0.0822443 0.0753775 0.0747513 0.0868332 0.0866478 0.0986247 0.0942386 0.0018546 0.0000010 0.0366307 0.0633982 0.0872568 0.0758871 0.0838787 0.0782266 0.0854241 0.0691742 0.0664369 0.1207648 0.0920489 0.0867780 0.0889086 0.0846504 0.0697657 0.0695288 0.0868267 0.0745440 0.0705976 0.0827269 0.0739639 0.0739639 0.1163289 0.0832791 0.0720748 0.0733204 0.0710616 0.0712945 0.0712945 0.0712945 0.0713926 0.0712945 0.0691918 0.0712945 0.0712945 0.0734057 0.0712945 0.0364883 0.0405845 0.0384655 0.0385857 0.0384868 0.0384150 0.0384150 0.0364883 0.1176895 0.0753425 0.0894552 0.0753425 0.0932040 0.1010504 0.1010535 0.1034806 0.0986300 0.1010535 0.1010535 0.1008876 0.1008876 0.1036086 0.1036086 0.1036086 0.1036583 0.1035516 0.1011127 0.1011127 0.1035419 0.1398156 0.0713501 0.0639850 0.0639850 0.0654427 0.0618117 0.0387489 0.0410765 0.0505231 0.0450456 0.0411538 0.0411538 0.0431954 0.0431433 0.0514348 0.0514348 0.0494213 0.0514348 0.0482518 0.0514348 0.0514348 0.0514348 0.0844968 0.1044776 0.0982320 0.0683250 
72_VN018                         0.0365840 0.0365840 0.0365840 0.0365840 0.0369295 0.0366526 0.0000000 0.0018351 0.0000010 0.0055231 0.0036761 0.0000010 0.0639409 0.0018364 0.0187507 0.0636714 0.0188821 0.0367214 0.0018494 0.0206400 0.0371047 0.0742414 0.0726512 0.0715329 0.0752133 0.0704729 0.0897575 0.0716379 0.0773091 0.0681365 0.0812324 0.0835803 0.0750100 0.0771074 0.0749013 0.0753854 0.0731176 0.0792401 0.0761708 0.0848160 0.0776563 0.0749013 0.0846724 0.0844914 0.0969028 0.0944361 0.0385813 0.0365840 0.0262134 0.0648007 0.0889172 0.0691019 0.0704207 0.0808388 0.0871233 0.0690509 0.0661595 0.1236303 0.0946747 0.0733761 0.0754693 0.0755520 0.0717537 0.0715103 0.0754693 0.0685796 0.0705479 0.0755995 0.0801061 0.0801061 0.1048326 0.0769434 0.0613700 0.0647647 0.0625602 0.0627641 0.0627641 0.0627641 0.0628487 0.0627641 0.0606968 0.0629694 0.0628500 0.0649276 0.0629694 0.0000010 0.0262134 0.0018364 0.0281050 0.0018373 0.0000010 0.0000010 0.0036761 0.1135725 0.0730974 0.0910159 0.0730974 0.0862719 0.1016456 0.0992097 0.1016485 0.0967745 0.0992097 0.0992097 0.0990456 0.0990456 0.1017747 0.1017747 0.1017747 0.1042710 0.1041630 0.1017086 0.1017086 0.1041532 0.1434187 0.0735606 0.0636159 0.0636159 0.0651733 0.0614546 0.0199750 0.0221238 0.0371279 0.0229871 0.0191677 0.0211203 0.0211231 0.0210993 0.0570685 0.0570685 0.0550612 0.0570685 0.0566349 0.0570685 0.0570685 0.0570685 0.0745488 0.0883994 0.0870908 0.0703960 
73_VN019                         0.0385357 0.0385357 0.0385357 0.0385357 0.0388998 0.0386080 0.0018351 0.0000000 0.0018374 0.0073692 0.0055179 0.0018476 0.0659866 0.0036752 0.0206400 0.0615722 0.0207848 0.0386805 0.0037013 0.0225320 0.0391956 0.0763031 0.0748458 0.0736930 0.0777082 0.0727325 0.0919125 0.0738013 0.0773091 0.0703899 0.0833777 0.0835803 0.0750100 0.0771074 0.0749013 0.0753854 0.0731176 0.0792401 0.0761708 0.0848160 0.0776563 0.0749013 0.0869692 0.0867832 0.0990836 0.0944361 0.0405391 0.0385357 0.0281050 0.0668748 0.0911019 0.0691019 0.0704207 0.0808388 0.0871736 0.0711967 0.0639740 0.1236303 0.0946747 0.0754693 0.0775653 0.0776505 0.0738576 0.0736070 0.0775653 0.0685796 0.0727407 0.0755995 0.0822204 0.0822204 0.1048326 0.0790825 0.0592169 0.0626926 0.0604998 0.0606968 0.0606968 0.0606968 0.0628829 0.0606968 0.0586367 0.0608950 0.0607796 0.0628500 0.0608950 0.0018351 0.0281050 0.0036752 0.0299991 0.0036771 0.0018476 0.0018351 0.0055179 0.1135725 0.0731419 0.0910680 0.0731419 0.0863222 0.1017101 0.0992728 0.1017130 0.0968361 0.0992728 0.0992728 0.0991084 0.0991084 0.1018394 0.1018394 0.1018394 0.1043372 0.1042291 0.1017732 0.1017732 0.1042192 0.1429262 0.0735606 0.0613791 0.0613791 0.0630220 0.0592235 0.0219886 0.0241529 0.0392200 0.0249202 0.0210993 0.0230566 0.0230597 0.0230344 0.0590785 0.0590785 0.0570685 0.0590785 0.0587771 0.0590785 0.0590785 0.0590785 0.0745488 0.0883994 0.0892824 0.0725844 
75_VN021                         0.0346529 0.0346529 0.0346529 0.0346529 0.0349803 0.0347179 0.0000010 0.0018374 0.0000000 0.0055302 0.0036808 0.0000010 0.0639409 0.0018387 0.0187752 0.0616381 0.0189070 0.0347831 0.0018518 0.0206671 0.0350384 0.0722224 0.0727595 0.0716379 0.0753406 0.0705811 0.0898881 0.0717432 0.0774317 0.0682409 0.0813504 0.0811751 0.0729135 0.0750100 0.0728079 0.0731546 0.0708888 0.0768932 0.0739808 0.0823021 0.0754235 0.0728079 0.0823787 0.0822026 0.0947240 0.0922720 0.0366470 0.0346529 0.0262134 0.0627652 0.0867348 0.0692468 0.0705400 0.0783213 0.0849331 0.0669471 0.0640444 0.1207236 0.0920207 0.0713260 0.0734173 0.0734977 0.0696922 0.0694557 0.0734173 0.0658783 0.0683585 0.0734869 0.0780384 0.0780384 0.1048326 0.0770550 0.0614575 0.0627927 0.0605960 0.0607936 0.0607936 0.0607936 0.0608754 0.0607936 0.0587301 0.0609925 0.0608767 0.0629505 0.0609925 0.0000010 0.0262134 0.0018387 0.0281050 0.0018397 0.0000010 0.0000010 0.0036808 0.1135725 0.0730974 0.0910159 0.0730974 0.0862719 0.1016456 0.0992097 0.1016485 0.0967745 0.0992097 0.0992097 0.0990456 0.0990456 0.1017747 0.1017747 0.1017747 0.1042710 0.1041630 0.1017086 0.1017086 0.1041532 0.1434187 0.0711270 0.0614487 0.0614487 0.0630910 0.0592907 0.0200028 0.0221549 0.0371814 0.0230178 0.0191933 0.0211486 0.0211515 0.0211282 0.0571468 0.0571468 0.0551367 0.0571468 0.0567178 0.0571468 0.0571468 0.0571468 0.0746699 0.0854293 0.0849508 0.0705007 
76_VN022                         0.0385149 0.0385149 0.0385149 0.0385149 0.0388786 0.0385871 0.0055231 0.0073692 0.0055302 0.0000000 0.0018368 0.0055611 0.0617639 0.0073745 0.0206601 0.0616381 0.0208051 0.0386595 0.0074270 0.0225539 0.0391729 0.0720653 0.0702967 0.0692178 0.0725314 0.0680539 0.0874079 0.0693191 0.0747897 0.0657296 0.0789119 0.0809131 0.0727073 0.0747980 0.0726023 0.0729345 0.0706755 0.0766504 0.0737624 0.0820247 0.0751967 0.0726023 0.0821807 0.0820054 0.0945097 0.0920058 0.0405169 0.0385149 0.0281325 0.0626620 0.0866364 0.0659197 0.0677991 0.0807848 0.0847874 0.0711147 0.0640442 0.1203551 0.0917603 0.0712859 0.0733761 0.0734565 0.0717132 0.0714701 0.0733761 0.0685297 0.0705064 0.0712126 0.0757602 0.0757602 0.1017249 0.0746814 0.0592169 0.0647296 0.0625263 0.0627300 0.0627300 0.0627300 0.0628145 0.0627300 0.0606638 0.0629351 0.0628158 0.0648922 0.0629351 0.0055231 0.0281325 0.0073745 0.0300286 0.0073783 0.0055611 0.0055231 0.0092266 0.1170520 0.0707419 0.0886804 0.0707419 0.0839519 0.0990689 0.0966409 0.0990726 0.0942129 0.0966409 0.0966409 0.0964809 0.0964809 0.0991951 0.0991951 0.0991951 0.1016822 0.1015774 0.0991303 0.0991303 0.1015677 0.1403370 0.0710804 0.0614483 0.0614483 0.0630900 0.0592900 0.0220114 0.0241782 0.0392625 0.0249450 0.0211203 0.0191867 0.0230827 0.0230566 0.0549435 0.0549435 0.0529433 0.0549435 0.0543718 0.0549435 0.0549435 0.0549435 0.0696870 0.0821995 0.0826225 0.0681332 
78_VN024                         0.0385149 0.0385149 0.0385149 0.0385149 0.0388786 0.0385871 0.0036761 0.0055179 0.0036808 0.0018368 0.0000000 0.0037013 0.0617981 0.0055219 0.0187507 0.0636714 0.0188821 0.0386595 0.0055611 0.0206400 0.0391729 0.0720653 0.0703380 0.0692579 0.0725797 0.0680952 0.0874573 0.0693593 0.0748363 0.0657694 0.0789567 0.0809657 0.0727488 0.0748407 0.0726437 0.0729789 0.0707185 0.0766992 0.0738064 0.0820804 0.0752424 0.0726437 0.0822304 0.0820550 0.0945632 0.0920590 0.0405169 0.0385149 0.0300286 0.0626620 0.0866364 0.0659197 0.0678444 0.0808388 0.0848363 0.0711557 0.0661595 0.1203551 0.0917603 0.0733761 0.0754693 0.0755520 0.0738160 0.0735656 0.0754693 0.0712344 0.0726979 0.0712126 0.0778650 0.0778650 0.1048326 0.0746814 0.0592169 0.0626586 0.0604670 0.0606638 0.0606638 0.0606638 0.0607453 0.0606638 0.0586048 0.0608618 0.0607466 0.0628158 0.0608618 0.0036761 0.0300286 0.0055219 0.0319271 0.0055247 0.0037013 0.0036761 0.0073692 0.1170520 0.0707419 0.0887312 0.0707419 0.0839519 0.0990689 0.0966409 0.0990726 0.0942129 0.0966409 0.0966409 0.0964809 0.0964809 0.0991951 0.0991951 0.0991951 0.1016822 0.1015774 0.0991303 0.0991303 0.1015677 0.1403370 0.0735128 0.0636159 0.0636159 0.0651733 0.0614546 0.0199750 0.0221238 0.0413599 0.0229871 0.0191677 0.0211203 0.0211231 0.0210993 0.0549736 0.0549736 0.0529724 0.0549736 0.0544036 0.0549736 0.0549736 0.0549736 0.0720695 0.0821995 0.0826225 0.0681332 
79_VN025                         0.0365840 0.0365840 0.0365840 0.0365840 0.0369295 0.0366526 0.0000010 0.0018476 0.0000010 0.0055611 0.0037013 0.0000000 0.0639409 0.0000010 0.0188821 0.0641468 0.0188821 0.0367214 0.0018494 0.0207848 0.0371047 0.0746955 0.0726512 0.0715329 0.0752133 0.0704729 0.0897575 0.0716379 0.0773091 0.0681365 0.0812324 0.0835803 0.0750100 0.0771074 0.0749013 0.0753854 0.0731176 0.0792401 0.0761708 0.0848160 0.0776563 0.0749013 0.0846724 0.0844914 0.0969028 0.0944361 0.0385813 0.0365840 0.0263968 0.0652930 0.0896247 0.0691019 0.0704207 0.0808388 0.0878194 0.0690509 0.0661595 0.1236303 0.0946747 0.0733761 0.0754693 0.0755520 0.0717537 0.0715103 0.0754693 0.0685796 0.0705479 0.0755995 0.0801061 0.0801061 0.1048326 0.0769434 0.0613700 0.0652413 0.0630187 0.0632257 0.0632257 0.0632257 0.0633115 0.0632257 0.0611423 0.0632257 0.0632257 0.0653165 0.0632257 0.0000010 0.0263968 0.0018489 0.0283018 0.0018499 0.0000010 0.0000010 0.0037013 0.1135725 0.0730974 0.0917402 0.0730974 0.0862719 0.1016456 0.0992097 0.1016485 0.0967745 0.0992097 0.0992097 0.0990456 0.0990456 0.1017747 0.1017747 0.1017747 0.1042710 0.1041630 0.1017086 0.1017086 0.1041532 0.1434187 0.0735606 0.0636159 0.0636159 0.0651733 0.0614546 0.0199750 0.0221238 0.0371279 0.0229871 0.0191677 0.0211203 0.0211231 0.0210993 0.0574894 0.0574894 0.0554670 0.0574894 0.0566349 0.0574894 0.0574894 0.0574894 0.0745488 0.0883994 0.0870908 0.0703960 
7CH                              0.0527917 0.0527917 0.0527917 0.0527917 0.0532960 0.0536708 0.0639409 0.0659866 0.0639409 0.0617639 0.0617981 0.0639409 0.0000000 0.0639409 0.0622518 0.0602732 0.0622518 0.0529922 0.0618981 0.0643064 0.0544486 0.0876760 0.0820464 0.0803949 0.0907904 0.0824238 0.0986523 0.0805136 0.0873645 0.0800359 0.0900616 0.0889036 0.0793524 0.0795144 0.0792372 0.0827000 0.0804084 0.0869699 0.0810987 0.0927616 0.0849949 0.0814752 0.0968677 0.0989856 0.1059173 0.1011547 0.0548508 0.0530762 0.0667545 0.0758449 0.0697948 0.0700240 0.0921793 0.1053058 0.0743175 0.0961721 0.0621689 0.1336541 0.0982686 0.0831122 0.0852518 0.0809754 0.0660009 0.0657755 0.0831592 0.0745899 0.0666284 0.0914344 0.0679434 0.0679434 0.1102324 0.0772939 0.0512809 0.0546250 0.0524721 0.0526424 0.0526424 0.0526424 0.0527126 0.0526424 0.0506050 0.0526424 0.0526424 0.0526372 0.0526424 0.0627194 0.0708546 0.0647780 0.0687660 0.0648122 0.0627194 0.0627194 0.0668032 0.1434391 0.0692428 0.0871245 0.0692428 0.0875811 0.0934177 0.0881578 0.0905447 0.0882782 0.0906673 0.0906673 0.0908708 0.0908708 0.0931747 0.0931747 0.0931747 0.1030196 0.1029144 0.1005551 0.1004921 0.1029048 0.1400951 0.0686570 0.0616537 0.0616537 0.0612402 0.0594886 0.0615378 0.0641283 0.0739137 0.0672881 0.0632497 0.0632139 0.0632497 0.0653377 0.0129351 0.0129351 0.0148072 0.0129351 0.0079472 0.0129351 0.0129351 0.0129351 0.0653421 0.1289435 0.1089098 0.0687149 
82_VN028                         0.0365840 0.0365840 0.0365840 0.0365840 0.0369295 0.0366526 0.0018364 0.0036752 0.0018387 0.0073745 0.0055219 0.0000010 0.0639409 0.0000000 0.0206553 0.0657630 0.0188821 0.0367214 0.0018494 0.0225487 0.0371047 0.0742414 0.0726512 0.0715329 0.0752133 0.0704729 0.0897575 0.0716379 0.0773091 0.0681365 0.0812324 0.0835803 0.0750100 0.0771074 0.0749013 0.0753854 0.0731176 0.0792401 0.0761708 0.0848160 0.0776563 0.0749013 0.0846724 0.0844914 0.0969028 0.0944361 0.0385813 0.0365840 0.0276177 0.0668371 0.0893068 0.0691019 0.0704207 0.0808388 0.0875492 0.0690509 0.0661595 0.1236303 0.0946747 0.0733761 0.0754693 0.0755520 0.0717537 0.0715103 0.0754693 0.0685796 0.0705479 0.0755995 0.0801061 0.0801061 0.1048326 0.0769434 0.0613700 0.0781466 0.0646130 0.0741428 0.0761469 0.0648239 0.0649115 0.0648239 0.0627498 0.0629694 0.0628500 0.0649276 0.0629694 0.0018364 0.0281260 0.0036778 0.0300217 0.0036797 0.0000010 0.0018364 0.0055219 0.1135725 0.0730974 0.0913651 0.0730974 0.0862719 0.1016456 0.0992097 0.1016485 0.0967745 0.0992097 0.0992097 0.0990456 0.0990456 0.1017747 0.1017747 0.1017747 0.1042710 0.1041630 0.1017086 0.1017086 0.1041532 0.1434187 0.0735606 0.0636159 0.0636159 0.0651733 0.0614546 0.0199750 0.0221238 0.0371279 0.0229871 0.0191677 0.0211203 0.0211231 0.0210993 0.0579989 0.0579989 0.0560266 0.0579989 0.0566349 0.0579989 0.0579989 0.0579989 0.0745488 0.0883994 0.0870908 0.0703960 
84_VN113                         0.0405285 0.0405285 0.0405285 0.0405285 0.0409117 0.0406046 0.0187507 0.0206400 0.0187752 0.0206601 0.0187507 0.0188821 0.0622518 0.0206553 0.0000000 0.0576383 0.0000010 0.0406809 0.0169820 0.0018371 0.0391765 0.0744695 0.0616442 0.0629330 0.0626012 0.0591440 0.0811817 0.0630252 0.0655780 0.0568417 0.0726933 0.0738076 0.0687308 0.0708265 0.0686312 0.0663319 0.0640759 0.0697106 0.0672814 0.0744719 0.0685910 0.0665010 0.0826147 0.0824376 0.0973130 0.0857542 0.0425379 0.0405285 0.0322721 0.0650950 0.0893202 0.0600547 0.0707125 0.0782789 0.0762813 0.0673978 0.0598885 0.1145590 0.0864737 0.0778976 0.0800058 0.0757923 0.0764013 0.0761405 0.0800058 0.0742713 0.0707597 0.0668111 0.0739348 0.0739348 0.1079116 0.0749194 0.0529516 0.0608050 0.0588078 0.0588078 0.0588078 0.0588078 0.0588868 0.0588078 0.0567484 0.0590001 0.0588881 0.0609578 0.0590001 0.0187507 0.0322721 0.0206553 0.0341939 0.0206661 0.0207729 0.0206283 0.0187507 0.1137958 0.0640613 0.0824311 0.0640613 0.0774807 0.0894903 0.0894962 0.0919208 0.0870751 0.0894962 0.0894962 0.0893470 0.0893470 0.0920338 0.0920338 0.0920338 0.0946754 0.0945785 0.0921344 0.0921344 0.0945691 0.1375213 0.0685807 0.0591937 0.0591937 0.0589967 0.0570418 0.0000010 0.0019738 0.0456950 0.0037514 0.0000010 0.0018799 0.0018802 0.0018785 0.0552368 0.0552368 0.0532259 0.0552368 0.0546798 0.0552368 0.0552368 0.0552368 0.0648623 0.0857829 0.0894086 0.0637841 
86_VN115                         0.0644081 0.0644081 0.0644081 0.0644081 0.0650403 0.0645336 0.0636714 0.0615722 0.0616381 0.0616381 0.0636714 0.0641468 0.0602732 0.0657630 0.0576383 0.0000000 0.0580679 0.0646595 0.0662703 0.0596691 0.0647243 0.0868884 0.0774669 0.0783996 0.0856944 0.0776996 0.0966933 0.0785155 0.0801128 0.0753294 0.0880972 0.0838124 0.0772951 0.0774533 0.0771828 0.0778651 0.0755881 0.0818616 0.0763645 0.0901682 0.0801452 0.0771828 0.0824652 0.0822888 0.0947632 0.0968400 0.0623562 0.0644081 0.0620728 0.0891018 0.1002323 0.0856664 0.0812121 0.0917468 0.0813551 0.0794017 0.0000010 0.1285688 0.1080301 0.0860207 0.0860207 0.0838604 0.0663850 0.0661569 0.0881840 0.0527938 0.0619654 0.0782245 0.0707715 0.0707715 0.0994865 0.0893409 0.0344791 0.0451418 0.0450347 0.0431526 0.0431526 0.0431526 0.0452790 0.0431526 0.0411195 0.0432943 0.0432118 0.0472517 0.0432943 0.0636714 0.0620728 0.0635492 0.0641213 0.0657993 0.0661631 0.0656728 0.0636714 0.1186352 0.0813504 0.0949373 0.0813504 0.0971018 0.1087390 0.1058264 0.1083137 0.1033428 0.1058264 0.1058264 0.1060657 0.1060657 0.1084512 0.1084512 0.1084512 0.1116270 0.1115076 0.1089910 0.1089910 0.1114973 0.1491771 0.0066258 0.0000010 0.0000010 0.0000010 0.0019778 0.0591937 0.0617575 0.0700015 0.0630266 0.0589967 0.0569200 0.0590563 0.0610762 0.0596402 0.0596402 0.0617381 0.0596402 0.0570478 0.0596402 0.0596402 0.0596402 0.0437093 0.1099801 0.1075572 0.0876052 
89_VN118                         0.0405285 0.0405285 0.0405285 0.0405285 0.0409117 0.0406046 0.0188821 0.0207848 0.0189070 0.0208051 0.0188821 0.0188821 0.0622518 0.0188821 0.0000010 0.0580679 0.0000000 0.0406809 0.0169820 0.0018507 0.0391765 0.0749265 0.0616442 0.0629330 0.0626012 0.0591440 0.0811817 0.0630252 0.0655780 0.0568417 0.0726933 0.0738076 0.0687308 0.0708265 0.0686312 0.0663319 0.0640759 0.0697106 0.0672814 0.0744719 0.0685910 0.0665010 0.0826147 0.0824376 0.0973130 0.0857542 0.0425379 0.0405285 0.0325011 0.0655919 0.0900342 0.0600547 0.0707125 0.0782789 0.0768886 0.0673978 0.0598885 0.1145590 0.0864737 0.0778976 0.0800058 0.0757923 0.0764013 0.0761405 0.0800058 0.0742713 0.0707597 0.0668111 0.0739348 0.0739348 0.1079116 0.0749194 0.0529516 0.0612521 0.0592399 0.0592399 0.0592399 0.0592399 0.0593201 0.0592399 0.0571645 0.0592399 0.0592399 0.0613226 0.0592399 0.0188821 0.0325011 0.0208003 0.0344368 0.0208112 0.0207729 0.0207729 0.0188821 0.1137958 0.0640613 0.0830857 0.0640613 0.0774807 0.0894903 0.0894962 0.0919208 0.0870751 0.0894962 0.0894962 0.0893470 0.0893470 0.0920338 0.0920338 0.0920338 0.0946754 0.0945785 0.0921344 0.0921344 0.0945691 0.1375213 0.0685807 0.0591937 0.0591937 0.0589967 0.0570418 0.0000010 0.0019738 0.0456950 0.0037514 0.0000010 0.0018799 0.0018802 0.0018785 0.0556452 0.0556452 0.0536191 0.0556452 0.0546798 0.0556452 0.0556452 0.0556452 0.0648623 0.0857829 0.0894086 0.0637841 
8CH                              0.0000010 0.0000010 0.0000010 0.0000010 0.0000010 0.0000010 0.0367214 0.0386805 0.0347831 0.0386595 0.0386595 0.0367214 0.0529922 0.0367214 0.0406809 0.0646595 0.0406809 0.0000000 0.0387207 0.0426473 0.0000010 0.0802451 0.0704013 0.0691015 0.0726526 0.0681583 0.0872609 0.0692024 0.0749079 0.0658303 0.0787800 0.0811214 0.0726449 0.0747335 0.0725400 0.0731101 0.0708458 0.0768438 0.0739366 0.0822443 0.0753775 0.0747513 0.0868332 0.0866478 0.0986247 0.0942386 0.0018328 0.0000010 0.0361822 0.0647080 0.0883369 0.0758871 0.0838787 0.0782266 0.0865295 0.0691742 0.0664369 0.1207648 0.0920489 0.0867780 0.0889086 0.0846504 0.0697657 0.0695288 0.0868267 0.0745440 0.0705976 0.0827269 0.0739639 0.0739639 0.1163289 0.0852537 0.0720748 0.0723943 0.0701667 0.0703948 0.0703948 0.0703948 0.0704901 0.0703948 0.0683203 0.0703948 0.0703948 0.0724766 0.0703948 0.0360434 0.0400859 0.0379957 0.0381128 0.0380154 0.0379453 0.0379453 0.0360434 0.1176895 0.0753425 0.0905106 0.0753425 0.0932040 0.1018360 0.0993170 0.1017008 0.0994516 0.1018388 0.1018388 0.1016742 0.1016742 0.1043564 0.1043564 0.1043564 0.1044059 0.1043000 0.1018977 0.1018977 0.1042904 0.1398156 0.0713501 0.0639850 0.0639850 0.0654427 0.0618117 0.0387489 0.0410765 0.0505231 0.0450456 0.0411538 0.0411538 0.0431954 0.0431433 0.0528327 0.0528327 0.0508402 0.0528327 0.0482518 0.0528327 0.0528327 0.0528327 0.0844968 0.1044776 0.1003417 0.0683250 
91_VN120                         0.0385757 0.0385757 0.0385757 0.0385757 0.0389404 0.0386481 0.0018494 0.0037013 0.0018518 0.0074270 0.0055611 0.0018494 0.0618981 0.0018494 0.0169820 0.0662703 0.0169820 0.0387207 0.0000000 0.0188821 0.0392378 0.0726236 0.0704598 0.0693760 0.0727225 0.0682167 0.0876055 0.0694777 0.0749742 0.0658865 0.0790901 0.0811226 0.0728717 0.0749672 0.0727662 0.0731100 0.0708455 0.0768442 0.0739366 0.0822466 0.0753777 0.0727662 0.0870742 0.0868877 0.0991975 0.0922195 0.0405802 0.0385757 0.0283297 0.0632058 0.0874251 0.0660254 0.0679325 0.0783215 0.0856117 0.0712767 0.0683532 0.1206367 0.0919565 0.0712859 0.0733761 0.0734565 0.0696527 0.0694165 0.0733761 0.0658780 0.0683583 0.0734445 0.0779947 0.0779947 0.1017249 0.0748074 0.0592812 0.0632196 0.0610062 0.0612065 0.0612065 0.0612065 0.0612895 0.0612065 0.0591281 0.0612065 0.0612065 0.0632923 0.0612065 0.0018494 0.0283297 0.0037040 0.0302392 0.0037059 0.0018494 0.0018494 0.0055611 0.1101006 0.0708257 0.0895392 0.0708257 0.0840490 0.0991965 0.0967651 0.0992001 0.0943336 0.0967651 0.0967651 0.0966047 0.0966047 0.0993230 0.0993230 0.0993230 0.1018137 0.1017086 0.0992581 0.0992581 0.1016989 0.1406406 0.0760953 0.0658611 0.0658611 0.0673325 0.0636943 0.0179649 0.0200977 0.0392625 0.0210566 0.0172387 0.0191867 0.0191892 0.0191677 0.0554670 0.0554670 0.0534473 0.0554670 0.0544959 0.0554670 0.0554670 0.0554670 0.0721594 0.0853616 0.0849023 0.0682108 
92_VN121                         0.0424874 0.0424874 0.0424874 0.0424874 0.0428894 0.0425672 0.0206400 0.0225320 0.0206671 0.0225539 0.0206400 0.0207848 0.0643064 0.0225487 0.0018371 0.0596691 0.0018507 0.0426473 0.0188821 0.0000000 0.0412696 0.0765381 0.0638199 0.0650811 0.0650674 0.0613837 0.0833255 0.0651765 0.0678953 0.0590752 0.0748271 0.0762548 0.0708673 0.0729650 0.0707646 0.0685982 0.0663389 0.0720963 0.0695068 0.0770253 0.0708606 0.0686312 0.0849155 0.0847334 0.0995040 0.0879661 0.0445029 0.0424874 0.0341939 0.0671788 0.0915150 0.0631267 0.0732157 0.0807947 0.0784604 0.0695560 0.0620000 0.1175370 0.0891788 0.0800058 0.0821169 0.0778976 0.0785236 0.0782554 0.0821169 0.0769984 0.0729591 0.0689506 0.0760445 0.0760445 0.1110312 0.0770580 0.0550286 0.0628107 0.0608109 0.0608109 0.0608109 0.0608109 0.0608927 0.0608109 0.0587466 0.0610099 0.0608940 0.0629686 0.0610099 0.0206400 0.0341939 0.0225487 0.0361183 0.0225605 0.0226772 0.0225192 0.0206400 0.1172826 0.0663236 0.0846079 0.0663236 0.0796953 0.0919247 0.0919300 0.0943584 0.0895052 0.0919300 0.0919300 0.0917770 0.0917770 0.0944747 0.0944747 0.0944747 0.0971263 0.0970265 0.0945785 0.0945785 0.0970170 0.1402893 0.0710066 0.0613548 0.0613548 0.0610762 0.0591999 0.0019620 0.0039505 0.0478078 0.0056310 0.0018785 0.0037618 0.0037630 0.0000010 0.0572505 0.0572505 0.0552368 0.0572505 0.0568261 0.0572505 0.0572505 0.0572505 0.0672352 0.0888362 0.0916067 0.0659605 
9CH                              0.0000010 0.0000010 0.0000010 0.0000010 0.0000010 0.0000010 0.0371047 0.0391956 0.0350384 0.0391729 0.0391729 0.0371047 0.0544486 0.0371047 0.0391765 0.0647243 0.0391765 0.0000010 0.0392378 0.0412696 0.0000000 0.0739590 0.0679262 0.0672978 0.0726526 0.0687413 0.0672978 0.0672978 0.0740819 0.0663923 0.0672978 0.0803818 0.0721805 0.0744949 0.0721805 0.0737402 0.0714560 0.0768438 0.0731276 0.0822443 0.0760275 0.0721805 0.0875849 0.0873963 0.0879397 0.0890442 0.0019500 0.0000010 0.0362327 0.0619258 0.0844418 0.0758871 0.0838787 0.0756739 0.0824671 0.0624244 0.0657619 0.1207648 0.0920489 0.0783178 0.0805550 0.0760838 0.0627747 0.0627747 0.0783644 0.0745440 0.0656745 0.0760336 0.0692043 0.0692043 0.1163289 0.0830377 0.0717163 0.0685695 0.0659062 0.0661106 0.0661106 0.0661106 0.0659999 0.0662427 0.0637295 0.0659062 0.0661106 0.0683024 0.0661106 0.0361955 0.0404821 0.0382653 0.0383892 0.0382864 0.0382116 0.0382116 0.0361955 0.1176895 0.0761294 0.0798532 0.0761294 0.0764131 0.0945101 0.0919158 0.0942827 0.0920402 0.0944091 0.0944091 0.0943614 0.0943614 0.0968991 0.0968991 0.0968991 0.0970508 0.0969538 0.0945674 0.0945674 0.0969446 0.1398156 0.0718905 0.0647243 0.0647243 0.0647243 0.0625253 0.0391765 0.0413217 0.0495163 0.0391765 0.0391765 0.0391765 0.0413217 0.0412696 0.0495739 0.0495739 0.0474729 0.0495739 0.0488001 0.0495739 0.0495739 0.0495739 0.0881751 0.1044776 0.0873305 0.0676066 
Afrololigo_mercatoris_FEA        0.0799364 0.0793080 0.0795447 0.0791986 0.0780148 0.0791227 0.0742414 0.0763031 0.0722224 0.0720653 0.0720653 0.0746955 0.0876760 0.0742414 0.0744695 0.0868884 0.0749265 0.0802451 0.0726236 0.0765381 0.0739590 0.0000000 0.0358682 0.0352710 0.0407575 0.0369601 0.0556396 0.0353220 0.0403540 0.0391655 0.0451966 0.0326276 0.0285377 0.0305808 0.0284972 0.0303741 0.0302893 0.0318833 0.0298890 0.0365970 0.0325661 0.0284972 0.0527474 0.0526354 0.0622799 0.0439840 0.0775080 0.0803805 0.0827462 0.0695742 0.0872133 0.0691034 0.0739346 0.0742287 0.0823983 0.0738619 0.0880667 0.0966080 0.0735572 0.0862636 0.0884344 0.0840959 0.0751576 0.0748979 0.0884344 0.0754588 0.0737319 0.0809338 0.0866037 0.0866037 0.0941418 0.0922799 0.0909839 0.0752092 0.0722801 0.0728291 0.0728291 0.0728291 0.0726135 0.0729676 0.0745282 0.0726528 0.0728291 0.0769500 0.0729676 0.0745537 0.0831061 0.0724427 0.0851445 0.0766735 0.0769863 0.0765285 0.0745537 0.0936556 0.0648086 0.0896912 0.0648086 0.0876121 0.0881260 0.0901769 0.0925579 0.0854178 0.0877905 0.0877905 0.0879872 0.0879872 0.0902771 0.0902771 0.0902771 0.0859039 0.0809423 0.0834291 0.0834291 0.0858099 0.1224830 0.0907918 0.0836589 0.0836589 0.0867061 0.0814027 0.0705169 0.0731940 0.0857824 0.0780897 0.0740239 0.0740239 0.0740239 0.0761369 0.0816192 0.0816192 0.0795711 0.0816192 0.0807621 0.0816192 0.0816192 0.0816192 0.1040511 0.0886220 0.0897626 0.0802524 
Alloteuthis_africana_312327      0.0704013 0.0704013 0.0704013 0.0704013 0.0704013 0.0704013 0.0726512 0.0748458 0.0727595 0.0702967 0.0703380 0.0726512 0.0820464 0.0726512 0.0616442 0.0774669 0.0616442 0.0704013 0.0704598 0.0638199 0.0679262 0.0358682 0.0000000 0.0000010 0.0000010 0.0000010 0.0000010 0.0000010 0.0020733 0.0020168 0.0000010 0.0288742 0.0261826 0.0282408 0.0261826 0.0269677 0.0291006 0.0282454 0.0264797 0.0324816 0.0290615 0.0261826 0.0352397 0.0372663 0.0362550 0.0416065 0.0682220 0.0704013 0.0820605 0.0746206 0.0902115 0.0679443 0.0777346 0.0986113 0.0848304 0.0870223 0.0774669 0.1152622 0.0908625 0.0898654 0.0921302 0.0876039 0.0806857 0.0806857 0.0921302 0.0859728 0.0735294 0.0858680 0.0832822 0.0832822 0.1093144 0.0921753 0.0620803 0.0727839 0.0705959 0.0705959 0.0705959 0.0705959 0.0707000 0.0705959 0.0727911 0.0705959 0.0705959 0.0728748 0.0705959 0.0726512 0.0820605 0.0703564 0.0842851 0.0749564 0.0748019 0.0748019 0.0681939 0.1181736 0.0606481 0.0791541 0.0606481 0.0642084 0.0889170 0.0861074 0.0885667 0.0836512 0.0861074 0.0861074 0.0863068 0.0863068 0.0886777 0.0886777 0.0886777 0.0889170 0.0888253 0.0864061 0.0863497 0.0888162 0.1140946 0.0837060 0.0765261 0.0765261 0.0774669 0.0742893 0.0582613 0.0608723 0.0887380 0.0616442 0.0616442 0.0616078 0.0616442 0.0638199 0.0817059 0.0817059 0.0794931 0.0817059 0.0808321 0.0817059 0.0817059 0.0817059 0.0805242 0.1024047 0.0932173 0.0672823 
Alloteuthis_africana_312328      0.0691015 0.0691015 0.0691015 0.0691015 0.0691015 0.0691015 0.0715329 0.0736930 0.0716379 0.0692178 0.0692579 0.0715329 0.0803949 0.0715329 0.0629330 0.0783996 0.0629330 0.0691015 0.0693760 0.0650811 0.0672978 0.0352710 0.0000010 0.0000000 0.0000010 0.0000010 0.0000010 0.0000010 0.0020733 0.0020168 0.0000010 0.0289368 0.0256906 0.0276712 0.0256552 0.0270223 0.0291596 0.0283053 0.0265324 0.0324816 0.0291203 0.0276779 0.0331615 0.0351903 0.0334815 0.0433193 0.0669631 0.0691015 0.0807849 0.0757744 0.0884531 0.0681387 0.0779170 0.0986752 0.0857046 0.0930978 0.0792771 0.1152622 0.0908625 0.0901660 0.0923846 0.0879506 0.0811719 0.0811719 0.0923846 0.0861957 0.0750751 0.0911200 0.0838717 0.0838717 0.1096338 0.0928993 0.0635002 0.0737420 0.0713384 0.0715879 0.0715879 0.0715879 0.0716918 0.0715879 0.0737492 0.0715879 0.0715879 0.0759924 0.0715879 0.0715329 0.0807849 0.0692758 0.0829740 0.0738002 0.0736504 0.0736504 0.0671468 0.1185561 0.0600729 0.0823515 0.0600729 0.0743889 0.0880157 0.0852376 0.0876725 0.0828075 0.0852376 0.0852376 0.0854340 0.0854340 0.0877809 0.0877809 0.0877809 0.0880157 0.0879259 0.0855313 0.0854760 0.0879169 0.1128220 0.0838990 0.0758199 0.0758199 0.0783996 0.0736042 0.0577301 0.0603132 0.0889275 0.0629330 0.0629330 0.0628964 0.0629330 0.0650811 0.0845274 0.0845274 0.0823506 0.0845274 0.0800865 0.0845274 0.0845274 0.0845274 0.0825627 0.1026930 0.0960461 0.0661192 
Alloteuthis_africana_312329      0.0726526 0.0726526 0.0726526 0.0726526 0.0726526 0.0726526 0.0752133 0.0777082 0.0753406 0.0725314 0.0725797 0.0752133 0.0907904 0.0752133 0.0626012 0.0856944 0.0626012 0.0726526 0.0727225 0.0650674 0.0726526 0.0407575 0.0000010 0.0000010 0.0000000 0.0000010 0.0000010 0.0000010 0.0023217 0.0022255 0.0000010 0.0327008 0.0296629 0.0320019 0.0296629 0.0299197 0.0322939 0.0299197 0.0296629 0.0324816 0.0322454 0.0296629 0.0367070 0.0389481 0.0387002 0.0373386 0.0701764 0.0726526 0.0859462 0.0744707 0.0897613 0.0726450 0.0845164 0.1021797 0.0863123 0.0886518 0.0856944 0.1127924 0.0935432 0.0893832 0.0919499 0.0868210 0.0789896 0.0789896 0.0919499 0.0897950 0.0761553 0.0876455 0.0819777 0.0819777 0.1096338 0.0948010 0.0679193 0.0778684 0.0753772 0.0753772 0.0753772 0.0753772 0.0755038 0.0753772 0.0778770 0.0753772 0.0753772 0.0779792 0.0753772 0.0752133 0.0859462 0.0726012 0.0884801 0.0778388 0.0776568 0.0776568 0.0701449 0.1185561 0.0681770 0.0773231 0.0681770 0.0656815 0.0681770 0.0682163 0.0708005 0.0656361 0.0682163 0.0682163 0.0681770 0.0681770 0.0708928 0.0708928 0.0708928 0.0681770 0.0681042 0.0655673 0.0655216 0.0680961 0.1118417 0.0913062 0.0856944 0.0856944 0.0856944 0.0831814 0.0626012 0.0626012 0.0982175 0.0626012 0.0626012 0.0625594 0.0626012 0.0650674 0.0903636 0.0903636 0.0878422 0.0903636 0.0903636 0.0903636 0.0903636 0.0903636 0.0863236 0.1109580 0.0980538 0.0637025 
Alloteuthis_africana_312330      0.0681583 0.0681583 0.0681583 0.0681583 0.0681583 0.0681583 0.0704729 0.0727325 0.0705811 0.0680539 0.0680952 0.0704729 0.0824238 0.0704729 0.0591440 0.0776996 0.0591440 0.0681583 0.0682167 0.0613837 0.0687413 0.0369601 0.0000010 0.0000010 0.0000010 0.0000000 0.0000010 0.0000010 0.0020956 0.0020168 0.0000010 0.0292699 0.0270223 0.0291478 0.0270223 0.0270223 0.0291596 0.0283053 0.0270223 0.0327675 0.0291203 0.0270223 0.0331615 0.0351903 0.0352605 0.0427901 0.0659145 0.0681583 0.0801470 0.0700103 0.0810224 0.0681387 0.0779170 0.0905421 0.0778865 0.0819426 0.0776996 0.1152622 0.0908625 0.0832467 0.0855657 0.0809313 0.0738604 0.0738604 0.0855657 0.0861957 0.0682266 0.0863762 0.0764905 0.0764905 0.1096338 0.0856068 0.0617360 0.0704989 0.0682494 0.0682494 0.0682494 0.0682494 0.0683529 0.0682494 0.0705062 0.0682494 0.0682494 0.0705894 0.0682494 0.0704729 0.0801470 0.0681136 0.0824382 0.0728431 0.0726884 0.0726884 0.0658865 0.1185561 0.0616050 0.0721466 0.0616050 0.0593489 0.0848766 0.0822965 0.0847834 0.0798145 0.0822965 0.0822965 0.0822521 0.0822521 0.0848900 0.0848900 0.0848900 0.0848766 0.0847885 0.0823477 0.0822933 0.0847795 0.1101873 0.0842021 0.0776996 0.0776996 0.0776996 0.0754279 0.0591440 0.0615976 0.0903335 0.0591440 0.0591440 0.0591080 0.0591440 0.0613837 0.0820711 0.0820711 0.0797889 0.0820711 0.0820711 0.0820711 0.0820711 0.0820711 0.0798070 0.1026930 0.0910627 0.0575505 
Alloteuthis_africana_312331      0.0872609 0.0872609 0.0872609 0.0872609 0.0852978 0.0872609 0.0897575 0.0919125 0.0898881 0.0874079 0.0874573 0.0897575 0.0986523 0.0897575 0.0811817 0.0966933 0.0811817 0.0872609 0.0876055 0.0833255 0.0672978 0.0556396 0.0000010 0.0000010 0.0000010 0.0000010 0.0000000 0.0000010 0.0020733 0.0020168 0.0000010 0.0289368 0.0352403 0.0372550 0.0352403 0.0270223 0.0291596 0.0283053 0.0265324 0.0324816 0.0291203 0.0372638 0.0331615 0.0351903 0.0330713 0.0635190 0.0851284 0.0872609 0.0991176 0.0945016 0.1072908 0.0681387 0.0779170 0.0986752 0.1049510 0.1121310 0.0892043 0.1152622 0.0908625 0.1000222 0.1022285 0.0978191 0.0910613 0.0952416 0.1022285 0.0861957 0.0853481 0.1012381 0.0938026 0.0938026 0.1096338 0.1027959 0.0734488 0.0919689 0.0895113 0.0898210 0.0898210 0.0898210 0.0899514 0.0898210 0.0919771 0.0898210 0.0898210 0.0942348 0.0898210 0.0897575 0.0991176 0.0874790 0.1013010 0.0920460 0.0918616 0.0918616 0.0853603 0.1185561 0.0600729 0.1015404 0.0600729 0.0786855 0.0880157 0.0852376 0.0876725 0.0828075 0.0852376 0.0852376 0.0854340 0.0854340 0.0877809 0.0877809 0.0877809 0.0880157 0.0879259 0.0855313 0.0854760 0.0879169 0.1128220 0.0838990 0.0758199 0.0758199 0.0882261 0.0736042 0.0577301 0.0603132 0.0889275 0.0724872 0.0727987 0.0727571 0.0727987 0.0749356 0.1027318 0.1027318 0.1005602 0.1027318 0.0800865 0.1027318 0.1027318 0.1027318 0.1037189 0.1026930 0.1085994 0.0764458 
