140
10CH                             0.0000000 0.0000010 0.0000010 0.0000010 0.0000010 0.0000010 0.0385459 0.0406342 0.0364622 0.0406171 0.0406171 0.0385459 0.0559453 0.0385459 0.0429044 0.0676839 0.0429044 0.0000010 0.0406480 0.0450137 0.0000010 0.0860382 0.0765598 0.0750667 0.0790311 0.0737275 0.0936267 0.0752038 0.0812386 0.0712007 0.0850275 0.0880856 0.0782460 0.0806084 0.0781063 0.0790620 0.0766962 0.0833972 0.0801212 0.0896728 0.0814254 0.0804971 0.0943731 0.0942128 0.1070582 0.1023107 0.0019042 0.0000010 0.0379516 0.0704320 0.0939964 0.0804784 0.0901092 0.0843425 0.0923175 0.0739114 0.0699336 0.1293244 0.1009107 0.0931874 0.0955586 0.0908239 0.0742485 0.0740057 0.0932266 0.0804902 0.0754730 0.0885879 0.0792209 0.0792209 0.1278088 0.0918975 0.0770716 0.0766574 0.0743784 0.0746100 0.0746100 0.0746100 0.0747177 0.0746100 0.0724043 0.0746100 0.0746100 0.0768240 0.0746100 0.0377390 0.0420813 0.0398487 0.0400064 0.0398386 0.0397837 0.0397837 0.0377390 0.1278960 0.0813405 0.0965561 0.0813405 0.1011311 0.1098277 0.1067573 0.1091899 0.1070421 0.1094816 0.1094816 0.1093576 0.1093576 0.1126769 0.1126769 0.1126769 0.1127168 0.1125035 0.1098061 0.1098061 0.1122514 0.1483626 0.0752486 0.0674425 0.0674425 0.0687746 0.0652156 0.0411105 0.0435666 0.0542580 0.0476982 0.0435694 0.0435694 0.0457909 0.0457127 0.0558675 0.0558675 0.0537191 0.0558675 0.0514633 0.0558675 0.0558675 0.0558675 0.0908726 0.1134935 0.1071967 0.0725599 
12CH                             0.0000010 0.0000000 0.0000010 0.0000010 0.0000010 0.0000010 0.0385459 0.0406342 0.0364622 0.0406171 0.0406171 0.0385459 0.0559453 0.0385459 0.0429044 0.0676839 0.0429044 0.0000010 0.0406480 0.0450137 0.0000010 0.0855863 0.0765598 0.0750667 0.0790311 0.0737275 0.0936267 0.0752038 0.0812386 0.0712007 0.0850275 0.0880856 0.0782460 0.0806084 0.0781063 0.0790620 0.0766962 0.0833972 0.0801212 0.0896728 0.0814254 0.0804971 0.0943731 0.0942128 0.1070582 0.1023107 0.0018986 0.0000010 0.0377697 0.0700670 0.0934817 0.0804784 0.0901092 0.0843425 0.0918096 0.0739114 0.0699336 0.1293244 0.1009107 0.0931874 0.0955586 0.0908239 0.0742485 0.0740057 0.0932266 0.0804902 0.0754730 0.0885879 0.0792209 0.0792209 0.1278088 0.0918975 0.0770716 0.0766574 0.0740046 0.0743676 0.0743676 0.0743676 0.0743405 0.0744753 0.0720403 0.0742339 0.0743676 0.0765738 0.0743676 0.0376230 0.0419506 0.0397257 0.0398825 0.0397158 0.0396612 0.0396612 0.0376230 0.1278960 0.0813405 0.0960255 0.0813405 0.1011311 0.1091529 0.1061060 0.1085236 0.1063871 0.1088115 0.1088115 0.1086888 0.1086888 0.1119823 0.1119823 0.1119823 0.1120211 0.1118103 0.1091315 0.1091315 0.1115615 0.1483626 0.0752486 0.0674425 0.0674425 0.0687746 0.0652156 0.0411105 0.0435666 0.0542580 0.0476982 0.0435694 0.0435694 0.0457909 0.0457127 0.0555883 0.0555883 0.0534513 0.0555883 0.0514633 0.0555883 0.0555883 0.0555883 0.0908726 0.1134935 0.1071967 0.0725599 
13CH                             0.0000010 0.0000010 0.0000000 0.0000010 0.0000010 0.0000010 0.0385459 0.0406342 0.0364622 0.0406171 0.0406171 0.0385459 0.0559453 0.0385459 0.0429044 0.0676839 0.0429044 0.0000010 0.0406480 0.0450137 0.0000010 0.0857471 0.0765598 0.0750667 0.0790311 0.0737275 0.0936267 0.0752038 0.0812386 0.0712007 0.0850275 0.0880856 0.0782460 0.0806084 0.0781063 0.0790620 0.0766962 0.0833972 0.0801212 0.0896728 0.0814254 0.0804971 0.0943731 0.0942128 0.1070582 0.1023107 0.0018986 0.0000010 0.0378343 0.0701968 0.0936648 0.0804784 0.0901092 0.0843425 0.0919903 0.0739114 0.0699336 0.1293244 0.1009107 0.0931874 0.0955586 0.0908239 0.0742485 0.0740057 0.0932266 0.0804902 0.0754730 0.0885879 0.0792209 0.0792209 0.1278088 0.0918975 0.0770716 0.0766574 0.0741376 0.0743676 0.0743676 0.0743676 0.0744747 0.0744753 0.0721697 0.0743676 0.0743676 0.0765738 0.0743676 0.0376230 0.0419506 0.0397257 0.0398825 0.0397158 0.0396612 0.0396612 0.0376230 0.1278960 0.0813405 0.0962143 0.0813405 0.1011311 0.1093930 0.1063378 0.1087607 0.1066202 0.1090499 0.1090499 0.1089268 0.1089268 0.1122295 0.1122295 0.1122295 0.1122687 0.1120570 0.1093715 0.1093715 0.1118070 0.1483626 0.0752486 0.0674425 0.0674425 0.0687746 0.0652156 0.0411105 0.0435666 0.0542580 0.0476982 0.0435694 0.0435694 0.0457909 0.0457127 0.0556876 0.0556876 0.0535465 0.0556876 0.0514633 0.0556876 0.0556876 0.0556876 0.0908726 0.1134935 0.1071967 0.0725599 
1CH                              0.0000010 0.0000010 0.0000010 0.0000000 0.0000010 0.0000010 0.0385459 0.0406342 0.0364622 0.0406171 0.0406171 0.0385459 0.0559453 0.0385459 0.0429044 0.0676839 0.0429044 0.0000010 0.0406480 0.0450137 0.0000010 0.0854406 0.0765598 0.0750667 0.0790311 0.0737275 0.0936267 0.0752038 0.0812386 0.0712007 0.0850275 0.0880856 0.0782460 0.0806084 0.0781063 0.0790620 0.0766962 0.0833972 0.0801212 0.0896728 0.0814254 0.0804971 0.0943731 0.0942128 0.1070582 0.1023107 0.0018986 0.0000010 0.0377082 0.0698284 0.0931531 0.0804784 0.0901092 0.0843425 0.0914847 0.0739114 0.0699336 0.1293244 0.1009107 0.0931874 0.0955586 0.0908239 0.0742485 0.0740057 0.0932266 0.0804902 0.0754730 0.0885879 0.0792209 0.0792209 0.1278088 0.0918975 0.0770716 0.0766574 0.0738828 0.0743676 0.0743676 0.0743676 0.0742176 0.0744753 0.0719214 0.0741113 0.0743676 0.0765738 0.0743676 0.0376230 0.0419506 0.0397257 0.0398825 0.0397158 0.0396612 0.0396612 0.0376230 0.1278960 0.0813405 0.0956875 0.0813405 0.1011311 0.1089405 0.1059004 0.1083137 0.1061804 0.1086005 0.1086005 0.1084782 0.1084782 0.1117642 0.1117642 0.1117642 0.1118028 0.1115927 0.1089191 0.1089191 0.1113449 0.1483626 0.0752486 0.0674425 0.0674425 0.0687746 0.0652156 0.0411105 0.0435666 0.0542580 0.0476982 0.0435694 0.0435694 0.0457909 0.0457127 0.0554033 0.0554033 0.0532734 0.0554033 0.0514633 0.0554033 0.0554033 0.0554033 0.0908726 0.1134935 0.1071967 0.0725599 
4CH                              0.0000010 0.0000010 0.0000010 0.0000010 0.0000000 0.0000010 0.0388188 0.0409224 0.0367198 0.0409051 0.0409051 0.0388188 0.0563520 0.0388188 0.0432107 0.0681879 0.0432107 0.0000010 0.0409364 0.0453358 0.0000010 0.0839486 0.0765598 0.0750667 0.0790311 0.0737275 0.0917661 0.0752038 0.0812386 0.0712007 0.0850275 0.0880856 0.0782460 0.0806084 0.0781063 0.0790620 0.0766962 0.0833972 0.0801212 0.0896728 0.0814254 0.0804971 0.0943731 0.0942128 0.1070582 0.1003125 0.0019111 0.0000010 0.0380315 0.0683470 0.0942190 0.0804784 0.0901092 0.0843425 0.0925373 0.0740274 0.0699336 0.1293244 0.1009107 0.0931874 0.0955586 0.0908239 0.0742485 0.0740057 0.0932266 0.0804902 0.0754730 0.0885879 0.0792209 0.0792209 0.1278088 0.0918975 0.0770716 0.0772177 0.0745409 0.0749092 0.0749092 0.0749092 0.0748816 0.0750185 0.0725626 0.0747734 0.0749092 0.0771329 0.0749092 0.0378828 0.0422433 0.0400011 0.0401601 0.0399910 0.0399356 0.0399356 0.0378828 0.1278960 0.0813405 0.0967854 0.0813405 0.1011311 0.1091529 0.1061060 0.1085236 0.1063871 0.1088115 0.1088115 0.1086888 0.1086888 0.1119823 0.1119823 0.1119823 0.1120211 0.1118103 0.1091315 0.1091315 0.1115615 0.1483626 0.0752486 0.0674425 0.0674425 0.0687746 0.0652156 0.0411105 0.0435666 0.0542580 0.0476982 0.0435694 0.0435694 0.0457909 0.0457127 0.0559885 0.0559885 0.0538353 0.0559885 0.0514633 0.0559885 0.0559885 0.0559885 0.0911961 0.1134935 0.1071967 0.0725599 
6CH                              0.0000010 0.0000010 0.0000010 0.0000010 0.0000010 0.0000000 0.0386002 0.0406915 0.0365135 0.0406743 0.0406743 0.0386002 0.0568945 0.0386002 0.0429653 0.0677841 0.0429653 0.0000010 0.0407053 0.0450778 0.0000010 0.0851996 0.0765598 0.0750667 0.0790311 0.0737275 0.0936267 0.0752038 0.0812386 0.0712007 0.0850275 0.0880856 0.0782460 0.0806084 0.0781063 0.0790620 0.0766962 0.0833972 0.0801212 0.0896728 0.0814254 0.0804971 0.0943731 0.0942128 0.1070582 0.1023107 0.0019338 0.0000010 0.0385719 0.0670866 0.0932532 0.0804784 0.0901092 0.0843425 0.0915428 0.0739114 0.0699336 0.1293244 0.1009107 0.0931874 0.0955586 0.0908239 0.0742485 0.0740057 0.0932266 0.0804902 0.0754730 0.0885879 0.0792209 0.0792209 0.1278088 0.0896547 0.0770716 0.0779578 0.0756366 0.0758761 0.0758761 0.0758761 0.0759874 0.0758761 0.0736306 0.0758761 0.0758761 0.0781302 0.0758761 0.0383524 0.0427714 0.0404983 0.0406613 0.0404880 0.0404313 0.0404313 0.0383524 0.1278960 0.0813405 0.0958525 0.0813405 0.1011311 0.1090874 0.1087385 0.1112148 0.1062591 0.1087385 0.1087385 0.1086131 0.1086131 0.1119812 0.1119812 0.1119812 0.1120210 0.1118053 0.1090655 0.1090655 0.1115509 0.1483626 0.0752486 0.0674425 0.0674425 0.0687746 0.0652156 0.0411105 0.0435666 0.0542580 0.0476982 0.0435694 0.0435694 0.0457909 0.0457127 0.0546082 0.0546082 0.0524295 0.0546082 0.0514633 0.0546082 0.0546082 0.0546082 0.0908726 0.1134935 0.1050287 0.0725599 
72_VN018                         0.0385459 0.0385459 0.0385459 0.0385459 0.0388188 0.0386002 0.0000000 0.0019085 0.0000010 0.0057449 0.0038235 0.0000010 0.0682823 0.0019117 0.0195637 0.0668618 0.0197502 0.0386546 0.0019269 0.0215506 0.0391272 0.0796792 0.0790000 0.0776115 0.0818308 0.0762250 0.0961819 0.0777535 0.0838344 0.0736892 0.0875639 0.0909686 0.0808688 0.0832454 0.0807239 0.0817051 0.0793347 0.0861982 0.0827241 0.0927302 0.0840731 0.0807239 0.0920723 0.0919158 0.1051095 0.1025969 0.0407021 0.0385459 0.0274596 0.0683295 0.0948425 0.0731233 0.0752039 0.0870034 0.0931216 0.0737557 0.0697803 0.1328548 0.1041291 0.0781871 0.0804852 0.0805155 0.0761281 0.0758802 0.0804852 0.0738771 0.0749840 0.0808148 0.0858692 0.0858692 0.1147383 0.0828372 0.0647557 0.0682976 0.0660435 0.0662493 0.0662493 0.0662493 0.0663454 0.0662493 0.0640601 0.0664553 0.0663601 0.0685603 0.0664553 0.0000010 0.0274596 0.0019117 0.0294630 0.0019112 0.0000010 0.0000010 0.0038235 0.1236465 0.0785034 0.0969219 0.0785034 0.0928475 0.1092554 0.1064237 0.1089055 0.1039389 0.1064237 0.1064237 0.1063000 0.1063000 0.1096576 0.1096576 0.1096576 0.1121925 0.1119764 0.1092335 0.1092335 0.1117213 0.1523300 0.0778722 0.0671691 0.0671691 0.0686263 0.0649510 0.0209747 0.0232227 0.0395633 0.0240453 0.0200448 0.0220888 0.0221178 0.0220815 0.0606586 0.0606586 0.0584793 0.0606586 0.0606465 0.0606586 0.0606586 0.0606586 0.0790844 0.0959311 0.0928739 0.0745683 
73_VN019                         0.0406342 0.0406342 0.0406342 0.0406342 0.0409224 0.0406915 0.0019085 0.0000000 0.0019116 0.0076706 0.0057432 0.0019263 0.0705240 0.0038287 0.0215506 0.0646521 0.0217563 0.0407490 0.0038591 0.0235432 0.0413661 0.0819587 0.0814571 0.0800233 0.0846300 0.0787392 0.0985749 0.0801697 0.0838344 0.0761936 0.0899523 0.0909686 0.0808688 0.0832454 0.0807239 0.0817051 0.0793347 0.0861982 0.0827241 0.0927302 0.0840731 0.0807239 0.0946555 0.0944943 0.1075673 0.1025969 0.0428002 0.0406342 0.0294630 0.0705731 0.0972557 0.0731233 0.0752039 0.0870034 0.0931616 0.0761124 0.0674684 0.1328548 0.1041291 0.0804852 0.0827906 0.0828220 0.0784258 0.0781701 0.0827906 0.0738771 0.0773835 0.0808148 0.0882117 0.0882117 0.1147383 0.0852101 0.0624778 0.0661064 0.0638624 0.0640601 0.0640601 0.0640601 0.0663727 0.0640601 0.0618802 0.0642601 0.0641672 0.0663601 0.0642601 0.0019085 0.0294630 0.0038287 0.0314722 0.0038276 0.0019263 0.0019085 0.0057432 0.1236465 0.0785397 0.0969630 0.0785397 0.0928883 0.1093066 0.1064737 0.1089564 0.1039879 0.1064737 0.1064737 0.1063499 0.1063499 0.1097091 0.1097091 0.1097091 0.1122450 0.1120288 0.1092847 0.1092847 0.1117734 0.1523016 0.0778722 0.0648007 0.0648007 0.0663547 0.0625862 0.0231074 0.0253729 0.0418276 0.0260870 0.0220815 0.0241321 0.0241640 0.0241241 0.0628445 0.0628445 0.0606586 0.0628445 0.0629939 0.0628445 0.0628445 0.0628445 0.0790844 0.0959311 0.0952897 0.0769517 
75_VN021                         0.0364622 0.0364622 0.0364622 0.0364622 0.0367198 0.0365135 0.0000010 0.0019116 0.0000000 0.0057541 0.0038296 0.0000010 0.0682823 0.0019148 0.0195954 0.0646481 0.0197826 0.0365648 0.0019300 0.0215856 0.0368937 0.0774078 0.0791470 0.0777535 0.0820037 0.0763706 0.0963524 0.0778960 0.0839995 0.0738299 0.0877206 0.0882106 0.0784992 0.0808688 0.0783586 0.0791696 0.0768016 0.0835150 0.0802280 0.0898315 0.0815351 0.0783586 0.0894597 0.0893081 0.1026214 0.1001051 0.0386087 0.0364622 0.0274596 0.0660918 0.0924009 0.0733107 0.0753606 0.0841690 0.0906706 0.0714070 0.0674645 0.1294907 0.1010348 0.0758972 0.0781882 0.0782176 0.0738383 0.0735981 0.0781882 0.0708507 0.0725607 0.0784453 0.0835361 0.0835361 0.1147383 0.0829853 0.0648687 0.0661297 0.0638836 0.0640825 0.0640825 0.0640825 0.0641754 0.0640825 0.0619015 0.0642826 0.0641896 0.0663826 0.0642826 0.0000010 0.0274596 0.0019148 0.0294630 0.0019142 0.0000010 0.0000010 0.0038296 0.1236465 0.0785034 0.0969219 0.0785034 0.0928475 0.1092554 0.1064237 0.1089055 0.1039389 0.1064237 0.1064237 0.1063000 0.1063000 0.1096576 0.1096576 0.1096576 0.1121925 0.1119764 0.1092335 0.1092335 0.1117213 0.1523300 0.0751900 0.0647964 0.0647964 0.0663508 0.0625817 0.0210113 0.0232634 0.0396346 0.0240852 0.0200782 0.0221256 0.0221547 0.0221182 0.0607614 0.0607614 0.0585784 0.0607614 0.0607568 0.0607614 0.0607614 0.0607614 0.0792410 0.0925251 0.0904688 0.0747036 
76_VN022                         0.0406171 0.0406171 0.0406171 0.0406171 0.0409051 0.0406743 0.0057449 0.0076706 0.0057541 0.0000000 0.0019091 0.0057986 0.0659677 0.0076835 0.0215575 0.0646751 0.0217634 0.0407318 0.0077447 0.0235508 0.0413475 0.0773458 0.0764514 0.0751114 0.0789257 0.0736207 0.0936808 0.0752486 0.0811161 0.0710980 0.0850770 0.0880806 0.0783994 0.0807658 0.0782592 0.0790619 0.0766972 0.0833950 0.0801207 0.0896924 0.0814243 0.0782592 0.0893779 0.0892266 0.1025314 0.0999722 0.0427822 0.0406171 0.0294726 0.0660678 0.0924007 0.0697421 0.0724075 0.0869595 0.0906318 0.0760460 0.0674935 0.1293321 0.1009228 0.0758964 0.0781871 0.0782165 0.0760959 0.0758481 0.0781871 0.0738361 0.0749508 0.0760519 0.0811416 0.0811416 0.1111969 0.0804059 0.0624778 0.0682697 0.0660165 0.0662221 0.0662221 0.0662221 0.0663182 0.0662221 0.0640338 0.0664280 0.0663318 0.0685322 0.0664280 0.0057449 0.0294726 0.0076835 0.0314825 0.0076813 0.0057986 0.0057449 0.0096046 0.1276210 0.0759665 0.0944416 0.0759665 0.0903417 0.1064747 0.1036581 0.1061358 0.1011773 0.1036581 0.1036581 0.1035370 0.1035370 0.1068675 0.1068675 0.1068675 0.1093952 0.1091842 0.1064529 0.1064529 0.1089365 0.1490562 0.0751890 0.0648255 0.0648255 0.0663790 0.0626101 0.0231154 0.0253818 0.0418430 0.0260956 0.0220888 0.0200514 0.0241720 0.0241321 0.0584096 0.0584096 0.0562394 0.0584096 0.0582320 0.0584096 0.0584096 0.0584096 0.0738522 0.0890763 0.0880310 0.0721646 
78_VN024                         0.0406171 0.0406171 0.0406171 0.0406171 0.0409051 0.0406743 0.0038235 0.0057432 0.0038296 0.0019091 0.0000000 0.0038591 0.0659955 0.0057528 0.0195637 0.0668618 0.0197502 0.0407318 0.0057986 0.0215506 0.0413475 0.0773458 0.0764859 0.0751447 0.0789660 0.0736549 0.0937203 0.0752821 0.0811546 0.0711311 0.0851135 0.0881242 0.0784335 0.0808008 0.0782931 0.0790986 0.0767330 0.0834356 0.0801572 0.0897389 0.0814619 0.0782931 0.0894190 0.0892676 0.1025750 0.1000158 0.0427822 0.0406171 0.0314825 0.0660678 0.0924007 0.0697421 0.0724442 0.0870034 0.0906708 0.0760792 0.0697803 0.1293321 0.1009228 0.0781871 0.0804852 0.0805155 0.0783926 0.0781371 0.0804852 0.0768343 0.0773493 0.0760519 0.0834670 0.0834670 0.1147383 0.0804059 0.0624778 0.0660794 0.0638353 0.0640338 0.0640338 0.0640338 0.0641276 0.0640338 0.0618547 0.0642336 0.0641408 0.0663318 0.0642336 0.0038235 0.0314825 0.0057528 0.0334982 0.0057512 0.0038591 0.0038235 0.0076706 0.1276210 0.0759665 0.0944816 0.0759665 0.0903417 0.1064747 0.1036581 0.1061358 0.1011773 0.1036581 0.1036581 0.1035370 0.1035370 0.1068675 0.1068675 0.1068675 0.1093952 0.1091842 0.1064529 0.1064529 0.1089365 0.1490562 0.0778343 0.0671691 0.0671691 0.0686263 0.0649510 0.0209747 0.0232227 0.0441154 0.0240453 0.0200448 0.0220888 0.0221178 0.0220815 0.0584341 0.0584341 0.0562631 0.0584341 0.0582582 0.0584341 0.0584341 0.0584341 0.0764468 0.0890763 0.0880310 0.0721646 
79_VN025                         0.0385459 0.0385459 0.0385459 0.0385459 0.0388188 0.0386002 0.0000010 0.0019263 0.0000010 0.0057986 0.0038591 0.0000000 0.0682823 0.0000010 0.0197502 0.0675403 0.0197502 0.0386546 0.0019269 0.0217563 0.0391272 0.0803718 0.0790000 0.0776115 0.0818308 0.0762250 0.0961819 0.0777535 0.0838344 0.0736892 0.0875639 0.0909686 0.0808688 0.0832454 0.0807239 0.0817051 0.0793347 0.0861982 0.0827241 0.0927302 0.0840731 0.0807239 0.0920723 0.0919158 0.1051095 0.1025969 0.0407021 0.0385459 0.0277219 0.0690382 0.0958794 0.0731233 0.0752039 0.0870034 0.0941452 0.0737557 0.0697803 0.1328548 0.1041291 0.0781871 0.0804852 0.0805155 0.0761281 0.0758802 0.0804852 0.0738771 0.0749840 0.0808148 0.0858692 0.0858692 0.1147383 0.0828372 0.0647557 0.0689850 0.0667056 0.0669155 0.0669155 0.0669155 0.0670135 0.0669155 0.0647042 0.0669155 0.0669155 0.0691352 0.0669155 0.0000010 0.0277219 0.0019295 0.0297449 0.0019290 0.0000010 0.0000010 0.0038591 0.1236465 0.0785034 0.0979788 0.0785034 0.0928475 0.1092554 0.1064237 0.1089055 0.1039389 0.1064237 0.1064237 0.1063000 0.1063000 0.1096576 0.1096576 0.1096576 0.1121925 0.1119764 0.1092335 0.1092335 0.1117213 0.1523300 0.0778722 0.0671691 0.0671691 0.0686263 0.0649510 0.0209747 0.0232227 0.0395633 0.0240453 0.0200448 0.0220888 0.0221178 0.0220815 0.0612752 0.0612752 0.0590729 0.0612752 0.0606465 0.0612752 0.0612752 0.0612752 0.0790844 0.0959311 0.0928739 0.0745683 
7CH                              0.0559453 0.0559453 0.0559453 0.0559453 0.0563520 0.0568945 0.0682823 0.0705240 0.0682823 0.0659677 0.0659955 0.0682823 0.0000000 0.0682823 0.0666451 0.0638616 0.0666451 0.0561073 0.0660475 0.0689004 0.0578147 0.0951280 0.0902344 0.0882725 0.1002819 0.0902763 0.1069271 0.0884357 0.0958775 0.0876503 0.0982114 0.0975537 0.0862559 0.0862116 0.0861003 0.0904310 0.0880258 0.0954950 0.0887699 0.1024460 0.0928335 0.0885422 0.1063980 0.1088701 0.1159398 0.1107966 0.0582032 0.0564265 0.0712307 0.0810819 0.0739483 0.0748098 0.0995776 0.1147084 0.0788192 0.1045810 0.0659966 0.1452875 0.1085698 0.0891922 0.0915689 0.0868234 0.0703330 0.0701013 0.0892302 0.0805870 0.0714981 0.0988359 0.0728653 0.0728653 0.1230653 0.0829738 0.0546299 0.0577504 0.0555323 0.0557050 0.0557050 0.0557050 0.0557860 0.0557050 0.0535447 0.0557050 0.0557050 0.0556066 0.0557050 0.0667790 0.0756759 0.0690850 0.0734362 0.0690697 0.0667790 0.0667790 0.0711911 0.1587181 0.0748768 0.0932132 0.0748768 0.0949800 0.1004205 0.0948743 0.0973273 0.0951264 0.0975863 0.0975863 0.0975336 0.0975336 0.1007271 0.1007271 0.1007271 0.1107207 0.1105098 0.1078553 0.1078054 0.1102616 0.1491478 0.0731263 0.0656420 0.0656420 0.0648962 0.0634004 0.0662276 0.0690005 0.0802650 0.0720676 0.0677363 0.0677070 0.0677363 0.0700307 0.0135557 0.0135557 0.0155189 0.0135557 0.0083879 0.0135557 0.0135557 0.0135557 0.0701775 0.1426524 0.1169499 0.0728824 
82_VN028                         0.0385459 0.0385459 0.0385459 0.0385459 0.0388188 0.0386002 0.0019117 0.0038287 0.0019148 0.0076835 0.0057528 0.0000010 0.0682823 0.0000000 0.0215870 0.0691715 0.0197502 0.0386546 0.0019269 0.0235829 0.0391272 0.0796792 0.0790000 0.0776115 0.0818308 0.0762250 0.0961819 0.0777535 0.0838344 0.0736892 0.0875639 0.0909686 0.0808688 0.0832454 0.0807239 0.0817051 0.0793347 0.0861982 0.0827241 0.0927302 0.0840731 0.0807239 0.0920723 0.0919158 0.1051095 0.1025969 0.0407021 0.0385459 0.0288060 0.0705728 0.0947570 0.0731233 0.0752039 0.0870034 0.0930776 0.0737557 0.0697803 0.1328548 0.1041291 0.0781871 0.0804852 0.0805155 0.0761281 0.0758802 0.0804852 0.0738771 0.0749840 0.0808148 0.0858692 0.0858692 0.1147383 0.0828372 0.0647557 0.0821731 0.0683224 0.0779449 0.0801450 0.0685359 0.0686354 0.0685359 0.0663367 0.0664553 0.0663601 0.0685603 0.0664553 0.0019117 0.0295123 0.0038352 0.0315248 0.0038341 0.0000010 0.0019117 0.0057528 0.1236465 0.0785034 0.0967863 0.0785034 0.0928475 0.1092554 0.1064237 0.1089055 0.1039389 0.1064237 0.1064237 0.1063000 0.1063000 0.1096576 0.1096576 0.1096576 0.1121925 0.1119764 0.1092335 0.1092335 0.1117213 0.1523300 0.0778722 0.0671691 0.0671691 0.0686263 0.0649510 0.0209747 0.0232227 0.0395633 0.0240453 0.0200448 0.0220888 0.0221178 0.0220815 0.0613480 0.0613480 0.0592166 0.0613480 0.0606465 0.0613480 0.0613480 0.0613480 0.0790844 0.0959311 0.0928739 0.0745683 
84_VN113                         0.0429044 0.0429044 0.0429044 0.0429044 0.0432107 0.0429653 0.0195637 0.0215506 0.0195954 0.0215575 0.0195637 0.0197502 0.0666451 0.0215870 0.0000000 0.0603571 0.0000010 0.0430264 0.0177497 0.0019140 0.0414742 0.0802062 0.0672351 0.0685682 0.0683102 0.0641730 0.0873315 0.0686944 0.0713396 0.0616696 0.0786750 0.0805914 0.0743993 0.0767735 0.0742652 0.0721141 0.0697395 0.0760749 0.0732883 0.0816564 0.0744863 0.0719020 0.0902031 0.0900491 0.1060750 0.0934548 0.0450896 0.0429044 0.0338719 0.0687458 0.0955460 0.0636462 0.0757231 0.0843852 0.0815114 0.0716847 0.0629811 0.1223695 0.0945730 0.0832583 0.0855840 0.0809401 0.0813309 0.0810636 0.0855840 0.0802986 0.0752767 0.0713094 0.0792439 0.0792439 0.1185194 0.0804338 0.0558321 0.0640898 0.0620414 0.0620414 0.0620414 0.0620414 0.0621325 0.0620414 0.0598639 0.0622352 0.0621453 0.0643347 0.0622352 0.0195637 0.0338719 0.0215870 0.0359162 0.0215811 0.0217577 0.0215519 0.0195637 0.1241376 0.0687747 0.0876555 0.0687747 0.0832898 0.0962699 0.0959684 0.0984480 0.0934860 0.0959684 0.0959684 0.0958542 0.0958542 0.0991271 0.0991271 0.0991271 0.1021271 0.1019274 0.0992005 0.0992005 0.1016967 0.1468205 0.0725172 0.0624327 0.0624327 0.0619433 0.0602216 0.0000010 0.0020652 0.0488821 0.0039132 0.0000010 0.0019606 0.0019631 0.0019600 0.0589018 0.0589018 0.0567133 0.0589018 0.0587450 0.0589018 0.0589018 0.0589018 0.0688151 0.0930999 0.0953662 0.0675701 
86_VN115                         0.0676839 0.0676839 0.0676839 0.0676839 0.0681879 0.0677841 0.0668618 0.0646521 0.0646481 0.0646751 0.0668618 0.0675403 0.0638616 0.0691715 0.0603571 0.0000000 0.0609677 0.0678846 0.0697822 0.0625325 0.0680624 0.0925726 0.0834769 0.0844252 0.0925254 0.0833366 0.1028511 0.0845790 0.0859643 0.0807862 0.0942624 0.0900449 0.0825097 0.0824675 0.0823631 0.0834551 0.0811029 0.0880099 0.0819561 0.0975138 0.0858049 0.0823631 0.0885054 0.0883571 0.1015880 0.1041436 0.0655890 0.0676839 0.0650145 0.0945984 0.1069506 0.0903024 0.0859774 0.0979832 0.0860343 0.0850037 0.0000010 0.1383006 0.1183277 0.0920616 0.0920616 0.0896724 0.0705602 0.0703272 0.0944586 0.0563869 0.0659213 0.0837068 0.0755730 0.0755730 0.1088067 0.0954434 0.0361770 0.0472920 0.0473086 0.0452489 0.0452489 0.0452489 0.0474806 0.0452489 0.0431144 0.0453899 0.0453250 0.0495204 0.0453899 0.0668618 0.0650145 0.0667643 0.0672134 0.0691561 0.0697566 0.0690550 0.0668618 0.1282196 0.0867891 0.1010106 0.0867891 0.1039156 0.1155044 0.1125517 0.1150540 0.1100464 0.1125517 0.1125517 0.1124936 0.1124936 0.1158552 0.1158552 0.1158552 0.1187330 0.1185036 0.1157146 0.1157146 0.1182289 0.1568170 0.0069102 0.0000010 0.0000010 0.0000010 0.0020615 0.0624327 0.0651148 0.0745241 0.0661839 0.0619433 0.0597150 0.0621267 0.0641787 0.0629976 0.0629976 0.0652175 0.0629976 0.0607176 0.0629976 0.0629976 0.0629976 0.0460833 0.1202720 0.1158983 0.0921810 
89_VN118                         0.0429044 0.0429044 0.0429044 0.0429044 0.0432107 0.0429653 0.0197502 0.0217563 0.0197826 0.0217634 0.0197502 0.0197502 0.0666451 0.0197502 0.0000010 0.0609677 0.0000000 0.0430264 0.0177497 0.0019319 0.0414742 0.0809078 0.0672351 0.0685682 0.0683102 0.0641730 0.0873315 0.0686944 0.0713396 0.0616696 0.0786750 0.0805914 0.0743993 0.0767735 0.0742652 0.0721141 0.0697395 0.0760749 0.0732883 0.0816564 0.0744863 0.0719020 0.0902031 0.0900491 0.1060750 0.0934548 0.0450896 0.0429044 0.0342005 0.0694630 0.0965982 0.0636462 0.0757231 0.0843852 0.0824056 0.0716847 0.0629811 0.1223695 0.0945730 0.0832583 0.0855840 0.0809401 0.0813309 0.0810636 0.0855840 0.0802986 0.0752767 0.0713094 0.0792439 0.0792439 0.1185194 0.0804338 0.0558321 0.0647341 0.0626657 0.0626657 0.0626657 0.0626657 0.0627576 0.0626657 0.0604652 0.0626657 0.0626657 0.0648745 0.0626657 0.0197502 0.0342005 0.0217934 0.0362652 0.0217874 0.0217577 0.0217577 0.0197502 0.1241376 0.0687747 0.0886097 0.0687747 0.0832898 0.0962699 0.0959684 0.0984480 0.0934860 0.0959684 0.0959684 0.0958542 0.0958542 0.0991271 0.0991271 0.0991271 0.1021271 0.1019274 0.0992005 0.0992005 0.1016967 0.1468205 0.0725172 0.0624327 0.0624327 0.0619433 0.0602216 0.0000010 0.0020652 0.0488821 0.0039132 0.0000010 0.0019606 0.0019631 0.0019600 0.0595039 0.0595039 0.0572922 0.0595039 0.0587450 0.0595039 0.0595039 0.0595039 0.0688151 0.0930999 0.0953662 0.0675701 
8CH                              0.0000010 0.0000010 0.0000010 0.0000010 0.0000010 0.0000010 0.0386546 0.0407490 0.0365648 0.0407318 0.0407318 0.0386546 0.0561073 0.0386546 0.0430264 0.0678846 0.0430264 0.0000000 0.0407629 0.0451420 0.0000010 0.0862990 0.0765598 0.0750667 0.0790311 0.0737275 0.0936267 0.0752038 0.0812386 0.0712007 0.0850275 0.0880856 0.0782460 0.0806084 0.0781063 0.0790620 0.0766962 0.0833972 0.0801212 0.0896728 0.0814254 0.0804971 0.0943731 0.0942128 0.1070582 0.1023107 0.0019091 0.0000010 0.0380569 0.0683971 0.0942932 0.0804784 0.0901092 0.0843425 0.0926105 0.0739114 0.0699336 0.1293244 0.1009107 0.0931874 0.0955586 0.0908239 0.0742485 0.0740057 0.0932266 0.0804902 0.0754730 0.0885879 0.0792209 0.0792209 0.1278088 0.0918975 0.0770716 0.0768806 0.0745941 0.0748271 0.0748271 0.0748271 0.0749354 0.0748271 0.0726144 0.0748271 0.0748271 0.0770481 0.0748271 0.0378431 0.0421986 0.0399590 0.0401177 0.0399490 0.0398937 0.0398937 0.0378431 0.1278960 0.0813405 0.0968621 0.0813405 0.1011311 0.1098277 0.1067573 0.1091899 0.1070421 0.1094816 0.1094816 0.1093576 0.1093576 0.1126769 0.1126769 0.1126769 0.1127168 0.1125035 0.1098061 0.1098061 0.1122514 0.1483626 0.0752486 0.0674425 0.0674425 0.0687746 0.0652156 0.0411105 0.0435666 0.0542580 0.0476982 0.0435694 0.0435694 0.0457909 0.0457127 0.0560289 0.0560289 0.0538730 0.0560289 0.0514633 0.0560289 0.0560289 0.0560289 0.0908726 0.1134935 0.1071967 0.0725599 
91_VN120                         0.0406480 0.0406480 0.0406480 0.0406480 0.0409364 0.0407053 0.0019269 0.0038591 0.0019300 0.0077447 0.0057986 0.0019269 0.0660475 0.0019269 0.0177497 0.0697822 0.0177497 0.0407629 0.0000000 0.0197502 0.0413812 0.0780786 0.0765510 0.0752077 0.0790424 0.0737193 0.0937966 0.0753453 0.0812278 0.0711932 0.0851833 0.0882077 0.0784980 0.0808673 0.0783575 0.0791682 0.0768006 0.0835129 0.0802265 0.0898281 0.0815335 0.0783575 0.0946958 0.0945345 0.1076110 0.1001004 0.0428148 0.0406480 0.0297546 0.0667774 0.0934464 0.0697801 0.0724765 0.0842093 0.0917024 0.0761418 0.0721015 0.1294757 0.1010287 0.0758964 0.0781871 0.0782165 0.0738377 0.0735976 0.0781871 0.0708898 0.0725926 0.0784442 0.0835343 0.0835343 0.1111969 0.0804718 0.0625008 0.0667944 0.0645245 0.0647273 0.0647273 0.0647273 0.0648220 0.0647273 0.0625234 0.0647273 0.0647273 0.0669395 0.0647273 0.0019269 0.0297546 0.0038657 0.0317842 0.0038645 0.0019269 0.0019269 0.0057986 0.1196936 0.0759977 0.0955482 0.0759977 0.0903783 0.1065226 0.1037045 0.1061834 0.1012225 0.1037045 0.1037045 0.1035833 0.1035833 0.1069158 0.1069158 0.1069158 0.1094447 0.1092335 0.1065008 0.1065008 0.1089856 0.1492064 0.0805635 0.0695472 0.0695472 0.0709068 0.0673255 0.0188486 0.0210791 0.0418430 0.0220095 0.0180141 0.0200514 0.0200777 0.0200448 0.0590729 0.0590729 0.0568774 0.0590729 0.0583067 0.0590729 0.0590729 0.0590729 0.0764794 0.0925205 0.0904659 0.0721926 
92_VN121                         0.0450137 0.0450137 0.0450137 0.0450137 0.0453358 0.0450778 0.0215506 0.0235432 0.0215856 0.0235508 0.0215506 0.0217563 0.0689004 0.0235829 0.0019140 0.0625325 0.0019319 0.0451420 0.0197502 0.0000000 0.0437261 0.0825007 0.0696660 0.0709668 0.0710689 0.0666598 0.0897111 0.0710975 0.0739258 0.0641470 0.0810501 0.0833419 0.0767744 0.0791559 0.0766360 0.0746424 0.0722651 0.0787504 0.0757775 0.0845403 0.0770174 0.0742652 0.0927976 0.0926388 0.1085553 0.0959472 0.0472089 0.0450137 0.0359162 0.0710030 0.0979779 0.0669847 0.0784804 0.0871862 0.0839077 0.0740435 0.0652556 0.1257075 0.0976383 0.0855840 0.0879171 0.0832583 0.0836603 0.0833850 0.0879171 0.0833388 0.0776857 0.0736546 0.0815741 0.0815741 0.1221010 0.0827982 0.0580686 0.0662550 0.0642044 0.0642044 0.0642044 0.0642044 0.0642987 0.0642044 0.0620196 0.0644052 0.0643119 0.0665098 0.0644052 0.0215506 0.0359162 0.0235829 0.0379666 0.0235765 0.0237697 0.0235446 0.0215506 0.1281309 0.0712645 0.0900448 0.0712645 0.0857432 0.0989809 0.0986691 0.1011515 0.0961837 0.0986691 0.0986691 0.0985522 0.0985522 0.1018501 0.1018501 0.1018501 0.1048691 0.1046644 0.1019274 0.1019274 0.1044266 0.1499451 0.0751520 0.0647669 0.0647669 0.0641787 0.0625531 0.0020553 0.0041366 0.0511859 0.0058781 0.0019600 0.0039268 0.0039318 0.0000010 0.0610970 0.0610970 0.0589018 0.0610970 0.0611025 0.0610970 0.0610970 0.0610970 0.0713964 0.0965309 0.0977902 0.0699344 
9CH                              0.0000010 0.0000010 0.0000010 0.0000010 0.0000010 0.0000010 0.0391272 0.0413661 0.0368937 0.0413475 0.0413475 0.0391272 0.0578147 0.0391272 0.0414742 0.0680624 0.0414742 0.0000010 0.0413812 0.0437261 0.0000000 0.0797313 0.0733378 0.0725490 0.0790311 0.0742885 0.0725490 0.0725490 0.0800060 0.0717414 0.0725490 0.0868992 0.0777893 0.0804316 0.0777893 0.0796677 0.0772842 0.0833972 0.0789247 0.0896728 0.0820488 0.0777893 0.0951019 0.0949390 0.0953797 0.0966919 0.0020384 0.0000010 0.0382840 0.0656669 0.0903272 0.0804784 0.0901092 0.0809069 0.0885247 0.0666449 0.0692743 0.1293244 0.1009107 0.0839259 0.0864013 0.0814589 0.0667051 0.0667051 0.0839635 0.0804902 0.0702924 0.0814357 0.0740610 0.0740610 0.1278088 0.0895448 0.0768138 0.0727502 0.0701910 0.0703254 0.0703254 0.0703254 0.0702996 0.0704337 0.0678653 0.0701910 0.0703254 0.0726664 0.0703254 0.0381250 0.0427620 0.0403765 0.0405470 0.0403657 0.0403063 0.0403063 0.0381250 0.1278960 0.0819775 0.0856640 0.0819775 0.0822750 0.1022988 0.0989470 0.1013749 0.0992083 0.1016430 0.1016430 0.1018626 0.1018626 0.1047791 0.1047791 0.1047791 0.1051596 0.1049587 0.1022774 0.1022774 0.1047251 0.1483626 0.0756996 0.0680624 0.0680624 0.0680624 0.0658153 0.0414742 0.0438048 0.0529087 0.0414742 0.0414742 0.0414742 0.0438048 0.0437261 0.0527516 0.0527516 0.0504746 0.0527516 0.0519340 0.0527516 0.0527516 0.0527516 0.0953549 0.1134935 0.0931816 0.0718470 
Afrololigo_mercatoris_FEA        0.0860382 0.0855863 0.0857471 0.0854406 0.0839486 0.0851996 0.0796792 0.0819587 0.0774078 0.0773458 0.0773458 0.0803718 0.0951280 0.0796792 0.0802062 0.0925726 0.0809078 0.0862990 0.0780786 0.0825007 0.0797313 0.0000000 0.0387637 0.0380239 0.0441309 0.0397665 0.0592972 0.0380938 0.0434867 0.0421750 0.0484163 0.0350237 0.0303825 0.0326043 0.0303283 0.0325265 0.0326129 0.0342459 0.0320726 0.0395096 0.0348389 0.0303283 0.0569471 0.0568533 0.0670188 0.0471683 0.0836327 0.0868031 0.0889588 0.0748125 0.0942808 0.0745947 0.0797618 0.0804083 0.0887109 0.0801682 0.0942103 0.1047225 0.0809593 0.0938141 0.0962565 0.0913797 0.0815163 0.0812406 0.0962565 0.0825506 0.0801388 0.0881122 0.0944369 0.0944369 0.1041072 0.1010351 0.0987108 0.0804324 0.0775645 0.0780839 0.0780839 0.0780839 0.0779229 0.0781994 0.0800307 0.0779239 0.0780839 0.0824273 0.0781994 0.0798989 0.0892751 0.0775670 0.0915401 0.0822444 0.0828207 0.0821230 0.0798989 0.1031890 0.0699413 0.0970105 0.0699413 0.0951294 0.0948895 0.0971943 0.0996399 0.0920916 0.0945373 0.0945373 0.0944860 0.0944860 0.0976391 0.0976391 0.0976391 0.0925314 0.0870171 0.0896986 0.0896986 0.0921487 0.1303661 0.0973006 0.0894922 0.0894922 0.0925733 0.0871720 0.0763436 0.0792271 0.0936419 0.0842983 0.0799083 0.0799083 0.0799083 0.0822578 0.0883757 0.0883757 0.0860916 0.0883757 0.0883546 0.0883757 0.0883757 0.0883757 0.1133482 0.0979002 0.0962800 0.0863874 
Alloteuthis_africana_312327      0.0765598 0.0765598 0.0765598 0.0765598 0.0765598 0.0765598 0.0790000 0.0814571 0.0791470 0.0764514 0.0764859 0.0790000 0.0902344 0.0790000 0.0672351 0.0834769 0.0672351 0.0765598 0.0765510 0.0696660 0.0733378 0.0387637 0.0000000 0.0000010 0.0000010 0.0000010 0.0000010 0.0000010 0.0022099 0.0021486 0.0000010 0.0311013 0.0282186 0.0304927 0.0282186 0.0289736 0.0313092 0.0304395 0.0284821 0.0351831 0.0311935 0.0282186 0.0378484 0.0400779 0.0391121 0.0452025 0.0742682 0.0765598 0.0896895 0.0812208 0.0991749 0.0731325 0.0839894 0.1079355 0.0928580 0.0957145 0.0834769 0.1263605 0.1012276 0.0988170 0.1013979 0.0962450 0.0883113 0.0883113 0.1013979 0.0946148 0.0806970 0.0945916 0.0916632 0.0916632 0.1232110 0.1018848 0.0671055 0.0784985 0.0762197 0.0762197 0.0762197 0.0762197 0.0763421 0.0762197 0.0786572 0.0762197 0.0762197 0.0786887 0.0762197 0.0790000 0.0896895 0.0764279 0.0922028 0.0815886 0.0814555 0.0814555 0.0740807 0.1307224 0.0653642 0.0861469 0.0653642 0.0694662 0.0955958 0.0926981 0.0952284 0.0901648 0.0926981 0.0926981 0.0926456 0.0926456 0.0958988 0.0958988 0.0958988 0.0955958 0.0954049 0.0927022 0.0926570 0.0951875 0.1214423 0.0895540 0.0821113 0.0821113 0.0834769 0.0797961 0.0632272 0.0660466 0.0974069 0.0672351 0.0672351 0.0672043 0.0672351 0.0696660 0.0899121 0.0899121 0.0874021 0.0899121 0.0885989 0.0899121 0.0899121 0.0899121 0.0877436 0.1134786 0.1013870 0.0726220 
Alloteuthis_africana_312328      0.0750667 0.0750667 0.0750667 0.0750667 0.0750667 0.0750667 0.0776115 0.0800233 0.0777535 0.0751114 0.0751447 0.0776115 0.0882725 0.0776115 0.0685682 0.0844252 0.0685682 0.0750667 0.0752077 0.0709668 0.0725490 0.0380239 0.0000010 0.0000000 0.0000010 0.0000010 0.0000010 0.0000010 0.0022099 0.0021486 0.0000010 0.0311528 0.0276544 0.0298286 0.0276059 0.0290183 0.0313577 0.0304888 0.0285253 0.0351831 0.0312416 0.0297851 0.0355637 0.0377885 0.0360274 0.0470308 0.0728191 0.0750667 0.0880899 0.0823698 0.0971135 0.0732957 0.0841444 0.1079123 0.0937191 0.1026732 0.0854603 0.1263605 0.1012276 0.0990352 0.1015608 0.0965180 0.0887515 0.0887515 0.1015608 0.0948120 0.0823392 0.1004906 0.0923811 0.0923811 0.1235102 0.1025927 0.0685308 0.0795255 0.0770209 0.0772835 0.0772835 0.0772835 0.0774056 0.0772835 0.0796838 0.0772835 0.0772835 0.0819606 0.0772835 0.0776115 0.0880899 0.0750887 0.0905559 0.0801503 0.0800219 0.0800219 0.0727832 0.1310708 0.0646465 0.0897573 0.0646465 0.0806864 0.0944699 0.0916108 0.0941116 0.0891071 0.0916108 0.0916108 0.0915593 0.0915593 0.0947663 0.0947663 0.0947663 0.0944699 0.0942832 0.0916144 0.0915702 0.0940711 0.1198732 0.0897153 0.0812339 0.0812339 0.0844252 0.0789434 0.0625557 0.0653397 0.0975741 0.0685682 0.0685682 0.0685373 0.0685682 0.0709668 0.0928517 0.0928517 0.0903844 0.0928517 0.0876326 0.0928517 0.0928517 0.0928517 0.0899958 0.1137393 0.1044222 0.0713152 
Alloteuthis_africana_312329      0.0790311 0.0790311 0.0790311 0.0790311 0.0790311 0.0790311 0.0818308 0.0846300 0.0820037 0.0789257 0.0789660 0.0818308 0.1002819 0.0818308 0.0683102 0.0925254 0.0683102 0.0790311 0.0790424 0.0710689 0.0790311 0.0441309 0.0000010 0.0000010 0.0000000 0.0000010 0.0000010 0.0000010 0.0024839 0.0023853 0.0000010 0.0353937 0.0320414 0.0346398 0.0320414 0.0323590 0.0349821 0.0323590 0.0320414 0.0351831 0.0348372 0.0320414 0.0396406 0.0421212 0.0418054 0.0404900 0.0764286 0.0790311 0.0940582 0.0813074 0.0987198 0.0787751 0.0916979 0.1120283 0.0945309 0.0976831 0.0925254 0.1239470 0.1044227 0.0983281 0.1012542 0.0954135 0.0864368 0.0864368 0.1012542 0.0991255 0.0837526 0.0968897 0.0902189 0.0902189 0.1235102 0.1049629 0.0735232 0.0840171 0.0814272 0.0814272 0.0814272 0.0814272 0.0815756 0.0814272 0.0842114 0.0814272 0.0814272 0.0842500 0.0814272 0.0818308 0.0940582 0.0788981 0.0969308 0.0847850 0.0846276 0.0846276 0.0762299 0.1310708 0.0739214 0.0842810 0.0739214 0.0710270 0.0739214 0.0737464 0.0764424 0.0710473 0.0737464 0.0737464 0.0739214 0.0739214 0.0770162 0.0770162 0.0770162 0.0739214 0.0737602 0.0709296 0.0708916 0.0735852 0.1191833 0.0985121 0.0925254 0.0925254 0.0925254 0.0899216 0.0683102 0.0683102 0.1083733 0.0683102 0.0683102 0.0682748 0.0683102 0.0710689 0.0998721 0.0998721 0.0969886 0.0998721 0.0998721 0.0998721 0.0998721 0.0998721 0.0942890 0.1236745 0.1076922 0.0686097 
Alloteuthis_africana_312330      0.0737275 0.0737275 0.0737275 0.0737275 0.0737275 0.0737275 0.0762250 0.0787392 0.0763706 0.0736207 0.0736549 0.0762250 0.0902763 0.0762250 0.0641730 0.0833366 0.0641730 0.0737275 0.0737193 0.0666598 0.0742885 0.0397665 0.0000010 0.0000010 0.0000010 0.0000000 0.0000010 0.0000010 0.0022283 0.0021486 0.0000010 0.0314355 0.0290183 0.0313596 0.0290183 0.0290183 0.0313577 0.0304888 0.0290183 0.0355384 0.0312416 0.0290183 0.0355637 0.0377885 0.0378660 0.0462744 0.0713770 0.0737275 0.0871431 0.0757138 0.0883391 0.0732957 0.0841444 0.0981503 0.0846309 0.0894936 0.0833366 0.1263605 0.1012276 0.0908864 0.0935030 0.0882789 0.0802560 0.0802560 0.0935030 0.0948120 0.0743012 0.0947565 0.0835868 0.0835868 0.1235102 0.0939646 0.0664005 0.0756053 0.0732718 0.0732718 0.0732718 0.0732718 0.0733925 0.0732718 0.0757614 0.0732718 0.0732718 0.0757924 0.0732718 0.0762250 0.0871431 0.0735976 0.0897163 0.0788697 0.0787379 0.0787379 0.0711932 0.1310708 0.0663749 0.0779341 0.0663749 0.0637902 0.0915858 0.0884152 0.0909727 0.0858547 0.0884152 0.0884152 0.0886152 0.0886152 0.0916200 0.0916200 0.0916200 0.0915858 0.0913996 0.0886693 0.0886252 0.0911894 0.1176894 0.0899176 0.0833366 0.0833366 0.0833366 0.0809881 0.0641730 0.0669021 0.0988250 0.0641730 0.0641730 0.0641427 0.0641730 0.0666598 0.0899451 0.0899451 0.0873665 0.0899451 0.0899451 0.0899451 0.0899451 0.0899451 0.0864398 0.1137393 0.0989954 0.0615746 
Alloteuthis_africana_312331      0.0936267 0.0936267 0.0936267 0.0936267 0.0917661 0.0936267 0.0961819 0.0985749 0.0963524 0.0936808 0.0937203 0.0961819 0.1069271 0.0961819 0.0873315 0.1028511 0.0873315 0.0936267 0.0937966 0.0897111 0.0725490 0.0592972 0.0000010 0.0000010 0.0000010 0.0000010 0.0000000 0.0000010 0.0022099 0.0021486 0.0000010 0.0311528 0.0377088 0.0399337 0.0377088 0.0290183 0.0313577 0.0304888 0.0285253 0.0351831 0.0312416 0.0398774 0.0355637 0.0377885 0.0354040 0.0681790 0.0914331 0.0936267 0.1067206 0.1013990 0.1161743 0.0732957 0.0841444 0.1079123 0.1131422 0.1219613 0.0955732 0.1263605 0.1012276 0.1091373 0.1116413 0.1066417 0.0989195 0.1034512 0.1116413 0.0948120 0.0929792 0.1111848 0.1026280 0.1026280 0.1235102 0.1127504 0.0787788 0.0979646 0.0954593 0.0957771 0.0957771 0.0957771 0.0959237 0.0957771 0.0981585 0.0957771 0.0957771 0.1003878 0.0957771 0.0961819 0.1067206 0.0936529 0.1091664 0.0987264 0.0985706 0.0985706 0.0913833 0.1310708 0.0646465 0.1094434 0.0646465 0.0853517 0.0944699 0.0916108 0.0941116 0.0891071 0.0916108 0.0916108 0.0915593 0.0915593 0.0947663 0.0947663 0.0947663 0.0944699 0.0942832 0.0916144 0.0915702 0.0940711 0.1198732 0.0897153 0.0812339 0.0812339 0.0944304 0.0789434 0.0625557 0.0653397 0.0975741 0.0782357 0.0788165 0.0787822 0.0788165 0.0811960 0.1113934 0.1113934 0.1089471 0.1113934 0.0876326 0.1113934 0.1113934 0.1113934 0.1113505 0.1137393 0.1177753 0.0819263 
