140
10CH                             0.0000000 0.0000010 0.0000010 0.0000010 0.0000010 0.0000010 0.0363824 0.0383470 0.0344888 0.0383470 0.0383470 0.0363824 0.0525507 0.0363824 0.0403168 0.0642103 0.0403168 0.0000010 0.0383470 0.0422918 0.0000010 0.0790725 0.0696703 0.0683703 0.0711433 0.0676823 0.0858078 0.0685123 0.0743852 0.0654009 0.0779923 0.0803918 0.0721214 0.0741344 0.0719730 0.0727442 0.0704329 0.0757524 0.0734399 0.0805652 0.0750626 0.0741344 0.0861874 0.0859972 0.0975128 0.0930114 0.0018237 0.0000010 0.0360373 0.0657792 0.0865156 0.0730860 0.0821415 0.0768672 0.0859278 0.0679477 0.0663416 0.1159328 0.0901599 0.0856326 0.0877956 0.0834759 0.0685500 0.0682745 0.0856326 0.0727213 0.0693772 0.0818421 0.0729319 0.0729319 0.1127489 0.0843353 0.0716780 0.0719930 0.0696826 0.0699536 0.0699536 0.0699536 0.0699536 0.0699536 0.0679197 0.0699536 0.0699536 0.0719930 0.0699536 0.0357659 0.0399334 0.0376964 0.0379828 0.0376964 0.0376254 0.0376254 0.0357659 0.1128735 0.0755635 0.0896277 0.0755635 0.0929244 0.1011477 0.0989180 0.1013811 0.0989180 0.1013811 0.1013811 0.1011477 0.1011477 0.1036128 0.1036128 0.1036128 0.1036128 0.1036128 0.1011477 0.1011477 0.1036128 0.1343089 0.0714826 0.0640047 0.0640047 0.0652585 0.0617808 0.0386003 0.0408542 0.0506522 0.0447894 0.0409458 0.0409458 0.0429525 0.0429525 0.0522455 0.0522455 0.0502442 0.0522455 0.0479663 0.0522455 0.0522455 0.0522455 0.0836132 0.1011144 0.0991611 0.0673192 
12CH                             0.0000010 0.0000000 0.0000010 0.0000010 0.0000010 0.0000010 0.0363824 0.0383470 0.0344888 0.0383470 0.0383470 0.0363824 0.0525507 0.0363824 0.0403168 0.0642103 0.0403168 0.0000010 0.0383470 0.0422918 0.0000010 0.0786059 0.0696703 0.0683703 0.0711433 0.0676823 0.0858078 0.0685123 0.0743852 0.0654009 0.0779923 0.0803918 0.0721214 0.0741344 0.0719730 0.0727442 0.0704329 0.0757524 0.0734399 0.0805652 0.0750626 0.0741344 0.0861874 0.0859972 0.0975128 0.0930114 0.0018171 0.0000010 0.0358333 0.0653879 0.0859836 0.0730860 0.0821415 0.0768672 0.0853903 0.0679477 0.0663416 0.1159328 0.0901599 0.0856326 0.0877956 0.0834759 0.0685500 0.0682745 0.0856326 0.0727213 0.0693772 0.0818421 0.0729319 0.0729319 0.1127489 0.0843353 0.0716780 0.0719930 0.0692800 0.0696826 0.0696826 0.0696826 0.0695479 0.0698178 0.0675263 0.0695479 0.0696826 0.0717137 0.0696826 0.0356317 0.0397821 0.0375548 0.0378390 0.0375548 0.0374844 0.0374844 0.0356317 0.1128735 0.0755635 0.0890701 0.0755635 0.0929244 0.1004539 0.0982391 0.1006841 0.0982391 0.1006841 0.1006841 0.1004539 0.1004539 0.1029008 0.1029008 0.1029008 0.1029008 0.1029008 0.1004539 0.1004539 0.1029008 0.1343089 0.0714826 0.0640047 0.0640047 0.0652585 0.0617808 0.0386003 0.0408542 0.0506522 0.0447894 0.0409458 0.0409458 0.0429525 0.0429525 0.0519438 0.0519438 0.0499544 0.0519438 0.0479663 0.0519438 0.0519438 0.0519438 0.0836132 0.1011144 0.0991611 0.0673192 
13CH                             0.0000010 0.0000010 0.0000000 0.0000010 0.0000010 0.0000010 0.0363824 0.0383470 0.0344888 0.0383470 0.0383470 0.0363824 0.0525507 0.0363824 0.0403168 0.0642103 0.0403168 0.0000010 0.0383470 0.0422918 0.0000010 0.0787608 0.0696703 0.0683703 0.0711433 0.0676823 0.0858078 0.0685123 0.0743852 0.0654009 0.0779923 0.0803918 0.0721214 0.0741344 0.0719730 0.0727442 0.0704329 0.0757524 0.0734399 0.0805652 0.0750626 0.0741344 0.0861874 0.0859972 0.0975128 0.0930114 0.0018171 0.0000010 0.0359011 0.0655178 0.0861602 0.0730860 0.0821415 0.0768672 0.0855687 0.0679477 0.0663416 0.1159328 0.0901599 0.0856326 0.0877956 0.0834759 0.0685500 0.0682745 0.0856326 0.0727213 0.0693772 0.0818421 0.0729319 0.0729319 0.1127489 0.0843353 0.0716780 0.0719930 0.0694137 0.0696826 0.0696826 0.0696826 0.0696826 0.0698178 0.0676569 0.0696826 0.0696826 0.0717137 0.0696826 0.0356317 0.0397821 0.0375548 0.0378390 0.0375548 0.0374844 0.0374844 0.0356317 0.1128735 0.0755635 0.0892552 0.0755635 0.0929244 0.1006841 0.0984644 0.1009153 0.0984644 0.1009153 0.1009153 0.1006841 0.1006841 0.1031371 0.1031371 0.1031371 0.1031371 0.1031371 0.1006841 0.1006841 0.1031371 0.1343089 0.0714826 0.0640047 0.0640047 0.0652585 0.0617808 0.0386003 0.0408542 0.0506522 0.0447894 0.0409458 0.0409458 0.0429525 0.0429525 0.0520440 0.0520440 0.0500506 0.0520440 0.0479663 0.0520440 0.0520440 0.0520440 0.0836132 0.1011144 0.0991611 0.0673192 
1CH                              0.0000010 0.0000010 0.0000010 0.0000000 0.0000010 0.0000010 0.0363824 0.0383470 0.0344888 0.0383470 0.0383470 0.0363824 0.0525507 0.0363824 0.0403168 0.0642103 0.0403168 0.0000010 0.0383470 0.0422918 0.0000010 0.0784516 0.0696703 0.0683703 0.0711433 0.0676823 0.0858078 0.0685123 0.0743852 0.0654009 0.0779923 0.0803918 0.0721214 0.0741344 0.0719730 0.0727442 0.0704329 0.0757524 0.0734399 0.0805652 0.0750626 0.0741344 0.0861874 0.0859972 0.0975128 0.0930114 0.0018171 0.0000010 0.0357659 0.0651297 0.0856326 0.0730860 0.0821415 0.0768672 0.0850357 0.0679477 0.0663416 0.1159328 0.0901599 0.0856326 0.0877956 0.0834759 0.0685500 0.0682745 0.0856326 0.0727213 0.0693772 0.0818421 0.0729319 0.0729319 0.1127489 0.0843353 0.0716780 0.0719930 0.0691468 0.0696826 0.0696826 0.0696826 0.0694137 0.0698178 0.0673962 0.0694137 0.0696826 0.0717137 0.0696826 0.0356317 0.0397821 0.0375548 0.0378390 0.0375548 0.0374844 0.0374844 0.0356317 0.1128735 0.0755635 0.0887022 0.0755635 0.0929244 0.1002247 0.0980148 0.1004539 0.0980148 0.1004539 0.1004539 0.1002247 0.1002247 0.1026657 0.1026657 0.1026657 0.1026657 0.1026657 0.1002247 0.1002247 0.1026657 0.1343089 0.0714826 0.0640047 0.0640047 0.0652585 0.0617808 0.0386003 0.0408542 0.0506522 0.0447894 0.0409458 0.0409458 0.0429525 0.0429525 0.0517447 0.0517447 0.0497631 0.0517447 0.0479663 0.0517447 0.0517447 0.0517447 0.0836132 0.1011144 0.0991611 0.0673192 
4CH                              0.0000010 0.0000010 0.0000010 0.0000010 0.0000000 0.0000010 0.0367341 0.0387183 0.0348225 0.0387183 0.0387183 0.0367341 0.0530673 0.0367341 0.0407077 0.0648615 0.0407077 0.0000010 0.0387183 0.0427023 0.0000010 0.0772961 0.0696703 0.0683703 0.0711433 0.0676823 0.0841620 0.0685123 0.0743852 0.0654009 0.0779923 0.0803918 0.0721214 0.0741344 0.0719730 0.0727442 0.0704329 0.0757524 0.0734399 0.0805652 0.0750626 0.0741344 0.0861874 0.0859972 0.0975128 0.0913433 0.0018337 0.0000010 0.0361745 0.0639535 0.0868739 0.0730860 0.0821415 0.0768672 0.0862899 0.0680880 0.0663416 0.1159328 0.0901599 0.0856326 0.0877956 0.0834759 0.0685500 0.0682745 0.0856326 0.0727213 0.0693772 0.0818421 0.0729319 0.0729319 0.1127489 0.0843353 0.0716780 0.0727009 0.0699536 0.0703641 0.0703641 0.0703641 0.0702267 0.0705020 0.0681845 0.0702267 0.0703641 0.0724161 0.0703641 0.0359690 0.0401626 0.0379108 0.0382005 0.0379108 0.0378390 0.0378390 0.0359690 0.1128735 0.0755635 0.0900033 0.0755635 0.0929244 0.1004539 0.0982391 0.1006841 0.0982391 0.1006841 0.1006841 0.1004539 0.1004539 0.1029008 0.1029008 0.1029008 0.1029008 0.1029008 0.1004539 0.1004539 0.1029008 0.1343089 0.0714826 0.0640047 0.0640047 0.0652585 0.0617808 0.0386003 0.0408542 0.0506522 0.0447894 0.0409458 0.0409458 0.0429525 0.0429525 0.0524485 0.0524485 0.0504392 0.0524485 0.0479663 0.0524485 0.0524485 0.0524485 0.0840038 0.1011144 0.0991611 0.0673192 
6CH                              0.0000010 0.0000010 0.0000010 0.0000010 0.0000010 0.0000000 0.0364522 0.0384207 0.0345551 0.0384207 0.0384207 0.0364522 0.0533822 0.0364522 0.0403944 0.0643395 0.0403944 0.0000010 0.0384207 0.0423733 0.0000010 0.0782272 0.0696703 0.0683703 0.0711433 0.0676823 0.0858078 0.0685123 0.0743852 0.0654009 0.0779923 0.0803918 0.0721214 0.0741344 0.0719730 0.0727442 0.0704329 0.0757524 0.0734399 0.0805652 0.0750626 0.0741344 0.0861874 0.0859972 0.0975128 0.0930114 0.0018507 0.0000010 0.0365926 0.0626205 0.0857479 0.0730860 0.0821415 0.0768672 0.0851374 0.0679477 0.0663416 0.1159328 0.0901599 0.0856326 0.0877956 0.0834759 0.0685500 0.0682745 0.0856326 0.0727213 0.0693772 0.0818421 0.0729319 0.0729319 0.1127489 0.0823307 0.0716780 0.0731323 0.0707794 0.0710590 0.0710590 0.0710590 0.0710590 0.0710590 0.0689915 0.0710590 0.0710590 0.0731323 0.0710590 0.0363128 0.0405504 0.0382736 0.0385689 0.0382736 0.0382005 0.0382005 0.0363128 0.1128735 0.0755635 0.0888989 0.0755635 0.0929244 0.1003045 0.1005394 0.1030457 0.0980415 0.1005394 0.1005394 0.1003045 0.1003045 0.1028045 0.1028045 0.1028045 0.1028045 0.1028045 0.1003045 0.1003045 0.1028045 0.1343089 0.0714826 0.0640047 0.0640047 0.0652585 0.0617808 0.0386003 0.0408542 0.0506522 0.0447894 0.0409458 0.0409458 0.0429525 0.0429525 0.0510334 0.0510334 0.0490050 0.0510334 0.0479663 0.0510334 0.0510334 0.0510334 0.0836132 0.1011144 0.0971137 0.0673192 
72_VN018                         0.0363824 0.0363824 0.0363824 0.0363824 0.0367341 0.0364522 0.0000000 0.0018304 0.0000010 0.0055046 0.0036652 0.0000010 0.0634460 0.0018304 0.0187159 0.0634460 0.0188571 0.0365223 0.0018439 0.0206134 0.0369685 0.0731323 0.0715830 0.0703965 0.0734604 0.0696657 0.0877956 0.0705426 0.0764133 0.0673878 0.0799938 0.0823065 0.0739819 0.0759883 0.0738301 0.0745683 0.0722659 0.0776358 0.0752241 0.0827418 0.0768778 0.0738301 0.0834804 0.0832972 0.0951031 0.0926193 0.0383470 0.0363824 0.0262363 0.0642103 0.0870541 0.0669698 0.0693168 0.0792102 0.0862899 0.0675302 0.0660674 0.1189238 0.0929021 0.0722000 0.0743082 0.0743082 0.0700977 0.0698178 0.0743082 0.0665966 0.0687982 0.0747506 0.0785425 0.0785425 0.1019998 0.0756772 0.0608853 0.0642416 0.0619707 0.0622118 0.0622118 0.0622118 0.0622118 0.0622118 0.0601875 0.0624548 0.0623331 0.0643670 0.0624548 0.0000010 0.0262363 0.0018304 0.0281459 0.0018304 0.0000010 0.0000010 0.0036652 0.1094013 0.0730666 0.0898151 0.0730666 0.0860542 0.1005394 0.0982712 0.1007754 0.0957754 0.0982712 0.0982712 0.0980415 0.0980415 0.1005394 0.1005394 0.1005394 0.1030457 0.1030457 0.1005394 0.1005394 0.1030457 0.1374392 0.0734604 0.0635974 0.0635974 0.0649933 0.0613883 0.0199879 0.0221047 0.0373521 0.0229463 0.0191459 0.0210877 0.0210877 0.0210877 0.0564835 0.0564835 0.0544633 0.0564835 0.0562764 0.0564835 0.0564835 0.0564835 0.0733408 0.0855628 0.0859278 0.0693772 
73_VN019                         0.0383470 0.0383470 0.0383470 0.0383470 0.0387183 0.0384207 0.0018304 0.0000000 0.0018337 0.0073485 0.0055046 0.0018439 0.0655178 0.0036652 0.0206134 0.0613799 0.0207691 0.0384947 0.0036923 0.0225158 0.0390767 0.0752113 0.0737954 0.0725704 0.0759542 0.0719506 0.0899648 0.0727213 0.0764133 0.0696657 0.0821614 0.0823065 0.0739819 0.0759883 0.0738301 0.0745683 0.0722659 0.0776358 0.0752241 0.0827418 0.0768778 0.0738301 0.0858078 0.0856192 0.0973106 0.0926193 0.0403168 0.0383470 0.0281459 0.0663082 0.0892552 0.0669698 0.0693168 0.0792102 0.0862899 0.0696746 0.0639123 0.1189238 0.0929021 0.0743082 0.0764224 0.0764224 0.0722000 0.0719113 0.0764224 0.0665966 0.0709848 0.0747506 0.0806687 0.0806687 0.1019998 0.0778324 0.0587742 0.0622118 0.0599546 0.0601875 0.0601875 0.0601875 0.0622118 0.0601875 0.0581687 0.0604223 0.0603047 0.0623331 0.0604223 0.0018304 0.0281459 0.0036652 0.0300604 0.0036652 0.0018439 0.0018304 0.0055046 0.1094013 0.0730666 0.0898151 0.0730666 0.0860542 0.1005394 0.0982712 0.1007754 0.0957754 0.0982712 0.0982712 0.0980415 0.0980415 0.1005394 0.1005394 0.1005394 0.1030457 0.1030457 0.1005394 0.1005394 0.1030457 0.1374392 0.0734604 0.0613883 0.0613883 0.0628746 0.0591856 0.0220163 0.0241470 0.0394828 0.0248906 0.0210877 0.0230344 0.0230344 0.0230344 0.0585092 0.0585092 0.0564835 0.0585092 0.0584440 0.0585092 0.0585092 0.0585092 0.0733408 0.0855628 0.0881517 0.0715830 
75_VN021                         0.0344888 0.0344888 0.0344888 0.0344888 0.0348225 0.0345551 0.0000010 0.0018337 0.0000000 0.0055147 0.0036720 0.0000010 0.0634460 0.0018337 0.0187510 0.0615017 0.0188927 0.0346215 0.0018473 0.0206521 0.0349378 0.0711997 0.0717342 0.0705426 0.0736350 0.0698178 0.0879754 0.0706894 0.0765856 0.0675347 0.0801584 0.0800131 0.0719730 0.0739819 0.0718252 0.0724246 0.0701240 0.0754059 0.0731238 0.0803688 0.0747323 0.0718252 0.0813388 0.0811602 0.0930946 0.0905727 0.0364522 0.0344888 0.0262363 0.0622431 0.0850357 0.0671655 0.0694830 0.0768672 0.0842399 0.0655260 0.0640444 0.1162543 0.0903930 0.0702385 0.0723452 0.0723452 0.0681376 0.0678654 0.0723452 0.0640868 0.0667570 0.0727213 0.0765765 0.0765765 0.1019998 0.0758325 0.0610092 0.0623331 0.0600708 0.0603047 0.0603047 0.0603047 0.0603047 0.0603047 0.0582817 0.0605403 0.0604223 0.0624548 0.0605403 0.0000010 0.0262363 0.0018337 0.0281459 0.0018337 0.0000010 0.0000010 0.0036720 0.1094013 0.0730666 0.0898151 0.0730666 0.0860542 0.1005394 0.0982712 0.1007754 0.0957754 0.0982712 0.0982712 0.0980415 0.0980415 0.1005394 0.1005394 0.1005394 0.1030457 0.1030457 0.1005394 0.1005394 0.1030457 0.1374392 0.0711433 0.0615186 0.0615186 0.0630025 0.0593111 0.0200279 0.0221493 0.0374298 0.0229903 0.0191826 0.0211282 0.0211282 0.0211282 0.0565938 0.0565938 0.0545695 0.0565938 0.0563940 0.0565938 0.0565938 0.0565938 0.0735094 0.0827836 0.0838862 0.0695234 
76_VN022                         0.0383470 0.0383470 0.0383470 0.0383470 0.0387183 0.0384207 0.0055046 0.0073485 0.0055147 0.0000000 0.0018304 0.0055453 0.0613799 0.0073485 0.0206134 0.0613799 0.0207691 0.0384947 0.0074029 0.0225158 0.0390767 0.0710590 0.0693772 0.0682288 0.0709749 0.0673878 0.0856326 0.0683703 0.0740511 0.0651168 0.0778324 0.0798251 0.0718252 0.0738301 0.0716780 0.0722659 0.0699706 0.0752339 0.0729667 0.0801733 0.0745683 0.0716780 0.0811602 0.0809824 0.0929021 0.0903821 0.0403168 0.0383470 0.0281459 0.0621183 0.0848595 0.0639303 0.0668168 0.0792102 0.0840627 0.0696746 0.0639123 0.1159328 0.0901599 0.0700977 0.0722000 0.0722000 0.0700977 0.0698178 0.0722000 0.0665966 0.0687982 0.0703965 0.0743082 0.0743082 0.0988845 0.0735282 0.0587742 0.0642416 0.0619707 0.0622118 0.0622118 0.0622118 0.0622118 0.0622118 0.0601875 0.0624548 0.0623331 0.0643670 0.0624548 0.0055046 0.0281459 0.0073485 0.0300604 0.0073485 0.0055453 0.0055046 0.0091969 0.1128735 0.0707446 0.0875995 0.0707446 0.0837780 0.0980415 0.0957754 0.0982712 0.0932878 0.0957754 0.0957754 0.0955518 0.0955518 0.0980415 0.0980415 0.0980415 0.1005394 0.1005394 0.0980415 0.0980415 0.1005394 0.1346511 0.0709749 0.0613883 0.0613883 0.0628746 0.0591856 0.0220163 0.0241470 0.0394828 0.0248906 0.0210877 0.0191459 0.0230344 0.0230344 0.0544633 0.0544633 0.0524485 0.0544633 0.0541150 0.0544633 0.0544633 0.0544633 0.0685408 0.0795447 0.0814997 0.0671777 
78_VN024                         0.0383470 0.0383470 0.0383470 0.0383470 0.0387183 0.0384207 0.0036652 0.0055046 0.0036720 0.0018304 0.0000000 0.0036923 0.0613799 0.0055046 0.0187159 0.0634460 0.0188571 0.0384947 0.0055453 0.0206134 0.0390767 0.0710590 0.0693772 0.0682288 0.0709749 0.0673878 0.0856326 0.0683703 0.0740511 0.0651168 0.0778324 0.0798251 0.0718252 0.0738301 0.0716780 0.0722659 0.0699706 0.0752339 0.0729667 0.0801733 0.0745683 0.0716780 0.0811602 0.0809824 0.0929021 0.0903821 0.0403168 0.0383470 0.0300604 0.0621183 0.0848595 0.0639303 0.0668168 0.0792102 0.0840627 0.0696746 0.0660674 0.1159328 0.0901599 0.0722000 0.0743082 0.0743082 0.0722000 0.0719113 0.0743082 0.0692800 0.0709848 0.0703965 0.0764224 0.0764224 0.1019998 0.0735282 0.0587742 0.0622118 0.0599546 0.0601875 0.0601875 0.0601875 0.0601875 0.0601875 0.0581687 0.0604223 0.0603047 0.0623331 0.0604223 0.0036652 0.0300604 0.0055046 0.0319798 0.0055046 0.0036923 0.0036652 0.0073485 0.1128735 0.0707446 0.0875995 0.0707446 0.0837780 0.0980415 0.0957754 0.0982712 0.0932878 0.0957754 0.0957754 0.0955518 0.0955518 0.0980415 0.0980415 0.0980415 0.1005394 0.1005394 0.0980415 0.0980415 0.1005394 0.1346511 0.0734604 0.0635974 0.0635974 0.0649933 0.0613883 0.0199879 0.0221047 0.0416196 0.0229463 0.0191459 0.0210877 0.0210877 0.0210877 0.0544633 0.0544633 0.0524485 0.0544633 0.0541150 0.0544633 0.0544633 0.0544633 0.0709370 0.0795447 0.0814997 0.0671777 
79_VN025                         0.0363824 0.0363824 0.0363824 0.0363824 0.0367341 0.0364522 0.0000010 0.0018439 0.0000010 0.0055453 0.0036923 0.0000000 0.0634460 0.0000010 0.0188571 0.0639535 0.0188571 0.0365223 0.0018439 0.0207691 0.0369685 0.0735689 0.0715830 0.0703965 0.0734604 0.0696657 0.0877956 0.0705426 0.0764133 0.0673878 0.0799938 0.0823065 0.0739819 0.0759883 0.0738301 0.0745683 0.0722659 0.0776358 0.0752241 0.0827418 0.0768778 0.0738301 0.0834804 0.0832972 0.0951031 0.0926193 0.0383470 0.0363824 0.0264345 0.0647302 0.0877827 0.0669698 0.0693168 0.0792102 0.0870233 0.0675302 0.0660674 0.1189238 0.0929021 0.0722000 0.0743082 0.0743082 0.0700977 0.0698178 0.0743082 0.0665966 0.0687982 0.0747506 0.0785425 0.0785425 0.1019998 0.0756772 0.0608853 0.0647461 0.0624548 0.0626997 0.0626997 0.0626997 0.0626997 0.0626997 0.0606589 0.0626997 0.0626997 0.0647461 0.0626997 0.0000010 0.0264345 0.0018439 0.0283588 0.0018439 0.0000010 0.0000010 0.0036923 0.1094013 0.0730666 0.0905727 0.0730666 0.0860542 0.1005394 0.0982712 0.1007754 0.0957754 0.0982712 0.0982712 0.0980415 0.0980415 0.1005394 0.1005394 0.1005394 0.1030457 0.1030457 0.1005394 0.1005394 0.1030457 0.1374392 0.0734604 0.0635974 0.0635974 0.0649933 0.0613883 0.0199879 0.0221047 0.0373521 0.0229463 0.0191459 0.0210877 0.0210877 0.0210877 0.0569272 0.0569272 0.0548906 0.0569272 0.0562764 0.0569272 0.0569272 0.0569272 0.0733408 0.0855628 0.0859278 0.0693772 
7CH                              0.0525507 0.0525507 0.0525507 0.0525507 0.0530673 0.0533822 0.0634460 0.0655178 0.0634460 0.0613799 0.0613799 0.0634460 0.0000000 0.0634460 0.0617469 0.0601525 0.0617469 0.0527561 0.0613799 0.0638259 0.0542279 0.0867319 0.0811602 0.0794614 0.0889753 0.0818793 0.0969088 0.0796281 0.0867226 0.0795447 0.0890701 0.0879170 0.0786385 0.0784759 0.0784759 0.0822437 0.0798981 0.0856752 0.0804536 0.0909460 0.0845966 0.0806562 0.0960418 0.0982084 0.1044073 0.0995819 0.0545695 0.0528594 0.0666670 0.0752153 0.0685500 0.0675603 0.0909460 0.1031032 0.0739819 0.0948631 0.0621473 0.1294127 0.0966553 0.0823307 0.0845093 0.0801584 0.0651256 0.0648615 0.0823307 0.0727213 0.0656735 0.0903821 0.0669816 0.0669816 0.1073256 0.0763020 0.0514252 0.0546761 0.0524485 0.0526532 0.0526532 0.0526532 0.0526532 0.0526532 0.0506357 0.0526532 0.0526532 0.0526532 0.0526532 0.0623331 0.0707794 0.0643670 0.0687204 0.0643670 0.0623331 0.0623331 0.0664064 0.1390105 0.0695045 0.0865156 0.0695045 0.0873714 0.0926388 0.0879280 0.0903870 0.0879280 0.0903870 0.0903870 0.0901778 0.0901778 0.0926388 0.0926388 0.0926388 0.1020878 0.1020878 0.0996064 0.0996064 0.1020878 0.1353406 0.0688230 0.0617808 0.0617808 0.0611336 0.0595635 0.0611293 0.0635974 0.0740805 0.0667106 0.0627473 0.0627473 0.0627473 0.0648615 0.0129314 0.0129314 0.0147970 0.0129314 0.0079629 0.0129314 0.0129314 0.0129314 0.0651067 0.1259034 0.1077800 0.0676038 
82_VN028                         0.0363824 0.0363824 0.0363824 0.0363824 0.0367341 0.0364522 0.0018304 0.0036652 0.0018337 0.0073485 0.0055046 0.0000010 0.0634460 0.0000000 0.0206134 0.0655178 0.0188571 0.0365223 0.0018439 0.0225158 0.0369685 0.0731323 0.0715830 0.0703965 0.0734604 0.0696657 0.0877956 0.0705426 0.0764133 0.0673878 0.0799938 0.0823065 0.0739819 0.0759883 0.0738301 0.0745683 0.0722659 0.0776358 0.0752241 0.0827418 0.0768778 0.0738301 0.0834804 0.0832972 0.0951031 0.0926193 0.0383470 0.0363824 0.0276784 0.0661752 0.0876165 0.0669698 0.0693168 0.0792102 0.0868739 0.0675302 0.0660674 0.1189238 0.0929021 0.0722000 0.0743082 0.0743082 0.0700977 0.0698178 0.0743082 0.0665966 0.0687982 0.0747506 0.0785425 0.0785425 0.1019998 0.0756772 0.0608853 0.0772386 0.0639923 0.0733231 0.0752075 0.0642416 0.0642416 0.0642416 0.0622118 0.0624548 0.0623331 0.0643670 0.0624548 0.0018304 0.0281459 0.0036652 0.0300604 0.0036652 0.0000010 0.0018304 0.0055046 0.1094013 0.0730666 0.0903346 0.0730666 0.0860542 0.1005394 0.0982712 0.1007754 0.0957754 0.0982712 0.0982712 0.0980415 0.0980415 0.1005394 0.1005394 0.1005394 0.1030457 0.1030457 0.1005394 0.1005394 0.1030457 0.1374392 0.0734604 0.0635974 0.0635974 0.0649933 0.0613883 0.0199879 0.0221047 0.0373521 0.0229463 0.0191459 0.0210877 0.0210877 0.0210877 0.0574994 0.0574994 0.0555100 0.0574994 0.0562764 0.0574994 0.0574994 0.0574994 0.0733408 0.0855628 0.0859278 0.0693772 
84_VN113                         0.0403168 0.0403168 0.0403168 0.0403168 0.0407077 0.0403944 0.0187159 0.0206134 0.0187510 0.0206134 0.0187159 0.0188571 0.0617469 0.0206134 0.0000000 0.0574918 0.0000010 0.0404722 0.0169499 0.0018371 0.0389965 0.0737156 0.0608726 0.0621473 0.0612585 0.0585981 0.0796667 0.0622764 0.0649660 0.0563442 0.0718252 0.0727701 0.0679477 0.0699616 0.0678080 0.0656875 0.0634026 0.0683845 0.0665196 0.0726961 0.0679793 0.0656605 0.0815182 0.0813388 0.0956975 0.0842399 0.0422918 0.0403168 0.0323449 0.0644692 0.0875995 0.0580561 0.0694830 0.0768672 0.0755355 0.0656605 0.0598667 0.1096841 0.0844882 0.0767313 0.0788605 0.0746081 0.0747590 0.0744579 0.0788605 0.0721586 0.0692315 0.0662042 0.0726374 0.0726374 0.1051281 0.0733782 0.0526888 0.0603047 0.0582817 0.0582817 0.0582817 0.0582817 0.0582817 0.0582817 0.0562643 0.0585092 0.0583952 0.0604223 0.0585092 0.0187159 0.0323449 0.0206134 0.0342917 0.0206134 0.0207300 0.0205749 0.0187159 0.1094013 0.0639623 0.0814997 0.0639623 0.0771558 0.0883373 0.0885433 0.0910206 0.0860742 0.0885433 0.0885433 0.0883373 0.0883373 0.0908084 0.0908084 0.0908084 0.0932878 0.0932878 0.0908084 0.0908084 0.0932878 0.1318733 0.0684976 0.0591856 0.0591856 0.0588936 0.0569894 0.0000010 0.0019750 0.0460075 0.0037477 0.0000010 0.0018785 0.0018785 0.0018785 0.0547831 0.0547831 0.0527561 0.0547831 0.0543413 0.0547831 0.0547831 0.0547831 0.0640633 0.0827836 0.0881517 0.0627982 
86_VN115                         0.0642103 0.0642103 0.0642103 0.0642103 0.0648615 0.0643395 0.0634460 0.0613799 0.0615017 0.0613799 0.0634460 0.0639535 0.0601525 0.0655178 0.0574918 0.0000000 0.0579516 0.0644692 0.0660426 0.0595551 0.0646953 0.0858078 0.0768262 0.0775831 0.0842907 0.0773882 0.0951031 0.0777462 0.0796806 0.0750626 0.0872351 0.0832868 0.0767774 0.0766183 0.0766183 0.0777322 0.0753958 0.0809722 0.0760419 0.0887735 0.0800760 0.0766183 0.0820611 0.0818793 0.0936767 0.0956709 0.0621183 0.0642103 0.0618702 0.0881560 0.0985365 0.0835854 0.0805652 0.0905005 0.0808146 0.0788017 0.0000010 0.1256412 0.1070449 0.0853903 0.0853903 0.0831877 0.0657956 0.0655260 0.0875995 0.0521496 0.0617808 0.0780746 0.0702509 0.0702509 0.0980623 0.0881517 0.0345824 0.0450527 0.0448768 0.0430366 0.0430366 0.0430366 0.0450527 0.0430366 0.0410259 0.0432057 0.0431210 0.0471668 0.0432057 0.0634460 0.0618702 0.0633204 0.0639535 0.0655178 0.0659106 0.0653879 0.0634460 0.1147270 0.0818995 0.0944102 0.0818995 0.0973382 0.1081004 0.1057750 0.1083612 0.1031977 0.1057750 0.1057750 0.1055209 0.1055209 0.1081004 0.1081004 0.1081004 0.1109563 0.1109563 0.1083612 0.1083612 0.1109563 0.1452802 0.0066965 0.0000010 0.0000010 0.0000010 0.0019947 0.0591856 0.0616494 0.0701240 0.0628746 0.0588936 0.0567839 0.0588936 0.0610092 0.0593194 0.0593194 0.0613799 0.0593194 0.0569894 0.0593194 0.0593194 0.0593194 0.0435569 0.1082694 0.1073256 0.0866138 
89_VN118                         0.0403168 0.0403168 0.0403168 0.0403168 0.0407077 0.0403944 0.0188571 0.0207691 0.0188927 0.0207691 0.0188571 0.0188571 0.0617469 0.0188571 0.0000010 0.0579516 0.0000000 0.0404722 0.0169499 0.0018507 0.0389965 0.0741592 0.0608726 0.0621473 0.0612585 0.0585981 0.0796667 0.0622764 0.0649660 0.0563442 0.0718252 0.0727701 0.0679477 0.0699616 0.0678080 0.0656875 0.0634026 0.0683845 0.0665196 0.0726961 0.0679793 0.0656605 0.0815182 0.0813388 0.0956975 0.0842399 0.0422918 0.0403168 0.0325930 0.0649933 0.0883373 0.0580561 0.0694830 0.0768672 0.0761754 0.0656605 0.0598667 0.1096841 0.0844882 0.0767313 0.0788605 0.0746081 0.0747590 0.0744579 0.0788605 0.0721586 0.0692315 0.0662042 0.0726374 0.0726374 0.1051281 0.0733782 0.0526888 0.0607779 0.0587384 0.0587384 0.0587384 0.0587384 0.0587384 0.0587384 0.0567045 0.0587384 0.0587384 0.0607779 0.0587384 0.0188571 0.0325930 0.0207691 0.0345551 0.0207691 0.0207300 0.0207300 0.0188571 0.1094013 0.0639623 0.0821874 0.0639623 0.0771558 0.0883373 0.0885433 0.0910206 0.0860742 0.0885433 0.0885433 0.0883373 0.0883373 0.0908084 0.0908084 0.0908084 0.0932878 0.0932878 0.0908084 0.0908084 0.0932878 0.1318733 0.0684976 0.0591856 0.0591856 0.0588936 0.0569894 0.0000010 0.0019750 0.0460075 0.0037477 0.0000010 0.0018785 0.0018785 0.0018785 0.0552155 0.0552155 0.0531719 0.0552155 0.0543413 0.0552155 0.0552155 0.0552155 0.0640633 0.0827836 0.0881517 0.0627982 
8CH                              0.0000010 0.0000010 0.0000010 0.0000010 0.0000010 0.0000010 0.0365223 0.0384947 0.0346215 0.0384947 0.0384947 0.0365223 0.0527561 0.0365223 0.0404722 0.0644692 0.0404722 0.0000000 0.0384947 0.0424551 0.0000010 0.0793867 0.0696703 0.0683703 0.0711433 0.0676823 0.0858078 0.0685123 0.0743852 0.0654009 0.0779923 0.0803918 0.0721214 0.0741344 0.0719730 0.0727442 0.0704329 0.0757524 0.0734399 0.0805652 0.0750626 0.0741344 0.0861874 0.0859972 0.0975128 0.0930114 0.0018304 0.0000010 0.0361745 0.0639535 0.0868739 0.0730860 0.0821415 0.0768672 0.0862899 0.0679477 0.0663416 0.1159328 0.0901599 0.0856326 0.0877956 0.0834759 0.0685500 0.0682745 0.0856326 0.0727213 0.0693772 0.0818421 0.0729319 0.0729319 0.1127489 0.0843353 0.0716780 0.0722745 0.0699536 0.0702267 0.0702267 0.0702267 0.0702267 0.0702267 0.0681845 0.0702267 0.0702267 0.0722745 0.0702267 0.0359011 0.0400859 0.0378390 0.0381277 0.0378390 0.0377676 0.0377676 0.0359011 0.1128735 0.0755635 0.0900033 0.0755635 0.0929244 0.1011477 0.0989180 0.1013811 0.0989180 0.1013811 0.1013811 0.1011477 0.1011477 0.1036128 0.1036128 0.1036128 0.1036128 0.1036128 0.1011477 0.1011477 0.1036128 0.1343089 0.0714826 0.0640047 0.0640047 0.0652585 0.0617808 0.0386003 0.0408542 0.0506522 0.0447894 0.0409458 0.0409458 0.0429525 0.0429525 0.0524485 0.0524485 0.0504392 0.0524485 0.0479663 0.0524485 0.0524485 0.0524485 0.0836132 0.1011144 0.0991611 0.0673192 
91_VN120                         0.0383470 0.0383470 0.0383470 0.0383470 0.0387183 0.0384207 0.0018439 0.0036923 0.0018473 0.0074029 0.0055453 0.0018439 0.0613799 0.0018439 0.0169499 0.0660426 0.0169499 0.0384947 0.0000000 0.0188571 0.0390767 0.0714826 0.0693772 0.0682288 0.0709749 0.0673878 0.0856326 0.0683703 0.0740511 0.0651168 0.0778324 0.0798251 0.0718252 0.0738301 0.0716780 0.0722659 0.0699706 0.0752339 0.0729667 0.0801733 0.0745683 0.0716780 0.0858078 0.0856192 0.0973106 0.0903821 0.0403168 0.0383470 0.0283588 0.0626205 0.0855687 0.0639303 0.0668168 0.0766829 0.0847761 0.0696746 0.0682288 0.1159328 0.0901599 0.0700977 0.0722000 0.0722000 0.0680012 0.0677301 0.0722000 0.0639228 0.0666180 0.0725704 0.0764224 0.0764224 0.0988845 0.0735282 0.0587742 0.0626997 0.0604223 0.0606589 0.0606589 0.0606589 0.0606589 0.0606589 0.0586236 0.0606589 0.0606589 0.0626997 0.0606589 0.0018439 0.0283588 0.0036923 0.0302880 0.0036923 0.0018439 0.0018439 0.0055453 0.1059451 0.0707446 0.0883373 0.0707446 0.0837780 0.0980415 0.0957754 0.0982712 0.0932878 0.0957754 0.0957754 0.0955518 0.0955518 0.0980415 0.0980415 0.0980415 0.1005394 0.1005394 0.0980415 0.0980415 0.1005394 0.1346511 0.0759542 0.0658131 0.0658131 0.0671179 0.0635974 0.0179649 0.0200681 0.0394828 0.0210071 0.0172092 0.0191459 0.0191459 0.0191459 0.0548906 0.0548906 0.0528594 0.0548906 0.0541150 0.0548906 0.0548906 0.0548906 0.0709370 0.0825477 0.0837105 0.0671777 
92_VN121                         0.0422918 0.0422918 0.0422918 0.0422918 0.0427023 0.0423733 0.0206134 0.0225158 0.0206521 0.0225158 0.0206134 0.0207691 0.0638259 0.0225158 0.0018371 0.0595551 0.0018507 0.0424551 0.0188571 0.0000000 0.0411062 0.0758120 0.0630623 0.0643103 0.0637175 0.0608589 0.0818249 0.0644441 0.0673097 0.0585981 0.0739819 0.0752392 0.0701059 0.0721214 0.0699616 0.0679793 0.0656875 0.0707749 0.0687668 0.0752449 0.0702782 0.0678080 0.0838492 0.0836644 0.0979197 0.0864721 0.0442720 0.0422918 0.0342917 0.0665759 0.0898151 0.0610802 0.0719977 0.0794010 0.0777462 0.0678080 0.0620188 0.1126427 0.0872031 0.0788605 0.0809957 0.0767313 0.0768867 0.0765765 0.0809957 0.0748686 0.0714325 0.0683703 0.0747590 0.0747590 0.1082694 0.0755226 0.0547911 0.0623331 0.0603047 0.0603047 0.0603047 0.0603047 0.0603047 0.0603047 0.0582817 0.0605403 0.0604223 0.0624548 0.0605403 0.0206134 0.0342917 0.0225158 0.0362435 0.0225158 0.0226432 0.0224736 0.0206134 0.1128735 0.0662682 0.0837105 0.0662682 0.0794165 0.0908084 0.0910206 0.0935061 0.0885433 0.0910206 0.0910206 0.0908084 0.0908084 0.0932878 0.0932878 0.0932878 0.0957754 0.0957754 0.0932878 0.0932878 0.0957754 0.1346511 0.0709749 0.0613883 0.0613883 0.0610092 0.0591856 0.0019672 0.0039552 0.0481673 0.0056285 0.0018785 0.0037618 0.0037618 0.0000010 0.0568157 0.0568157 0.0547831 0.0568157 0.0565121 0.0568157 0.0568157 0.0568157 0.0664557 0.0858078 0.0903821 0.0649848 
9CH                              0.0000010 0.0000010 0.0000010 0.0000010 0.0000010 0.0000010 0.0369685 0.0390767 0.0349378 0.0390767 0.0390767 0.0369685 0.0542279 0.0369685 0.0389965 0.0646953 0.0389965 0.0000010 0.0390767 0.0411062 0.0000000 0.0734853 0.0672415 0.0666628 0.0711433 0.0682790 0.0666628 0.0666628 0.0735094 0.0659766 0.0666628 0.0795927 0.0716379 0.0739193 0.0716379 0.0733918 0.0710590 0.0757524 0.0725841 0.0805652 0.0757319 0.0716379 0.0869570 0.0867633 0.0869909 0.0879384 0.0019519 0.0000010 0.0363708 0.0615186 0.0832972 0.0730860 0.0821415 0.0743182 0.0826113 0.0615279 0.0658317 0.1159328 0.0901599 0.0774882 0.0797592 0.0752241 0.0617808 0.0617808 0.0774882 0.0727213 0.0645320 0.0753958 0.0683260 0.0683260 0.1127489 0.0822148 0.0714826 0.0686550 0.0660674 0.0662042 0.0662042 0.0662042 0.0660674 0.0663416 0.0639123 0.0660674 0.0662042 0.0683703 0.0662042 0.0361516 0.0406053 0.0382120 0.0385220 0.0382120 0.0381353 0.0381353 0.0361516 0.1128735 0.0762418 0.0795447 0.0762418 0.0765856 0.0944498 0.0922111 0.0946682 0.0922111 0.0946682 0.0946682 0.0944498 0.0944498 0.0969088 0.0969088 0.0969088 0.0969088 0.0969088 0.0944498 0.0944498 0.0969088 0.1343089 0.0719977 0.0646953 0.0646953 0.0646953 0.0624464 0.0389965 0.0411062 0.0496227 0.0389965 0.0389965 0.0389965 0.0411062 0.0411062 0.0494006 0.0494006 0.0472759 0.0494006 0.0484719 0.0494006 0.0494006 0.0494006 0.0874534 0.1011144 0.0865705 0.0665625 
Afrololigo_mercatoris_FEA        0.0790725 0.0786059 0.0787608 0.0784516 0.0772961 0.0782272 0.0731323 0.0752113 0.0711997 0.0710590 0.0710590 0.0735689 0.0867319 0.0731323 0.0737156 0.0858078 0.0741592 0.0793867 0.0714826 0.0758120 0.0734853 0.0000000 0.0355964 0.0349378 0.0400409 0.0367509 0.0547911 0.0350098 0.0400986 0.0389698 0.0447894 0.0323625 0.0283626 0.0303685 0.0283052 0.0302635 0.0302635 0.0314889 0.0297489 0.0359781 0.0324726 0.0283052 0.0524231 0.0523088 0.0616363 0.0434904 0.0766876 0.0795447 0.0821132 0.0688557 0.0861602 0.0675603 0.0730504 0.0734082 0.0816706 0.0731778 0.0870233 0.0944818 0.0727213 0.0848595 0.0870541 0.0826714 0.0739819 0.0736788 0.0870541 0.0736788 0.0726546 0.0803018 0.0848595 0.0848595 0.0911994 0.0908951 0.0898151 0.0743279 0.0714366 0.0719930 0.0719930 0.0719930 0.0717137 0.0721335 0.0737504 0.0718531 0.0719930 0.0760886 0.0721335 0.0736074 0.0824358 0.0715749 0.0845134 0.0756455 0.0759403 0.0754989 0.0736074 0.0906274 0.0649660 0.0894410 0.0649660 0.0873714 0.0873212 0.0899695 0.0924245 0.0850835 0.0875225 0.0875225 0.0873212 0.0873212 0.0897622 0.0897622 0.0897622 0.0850835 0.0802291 0.0826524 0.0826524 0.0850835 0.1177884 0.0898405 0.0829332 0.0829332 0.0855687 0.0806291 0.0699660 0.0724996 0.0854314 0.0771993 0.0732289 0.0732289 0.0732289 0.0753687 0.0806806 0.0806806 0.0786059 0.0806806 0.0799317 0.0806806 0.0806806 0.0806806 0.1022149 0.0868020 0.0885237 0.0787399 
Alloteuthis_africana_312327      0.0696703 0.0696703 0.0696703 0.0696703 0.0696703 0.0696703 0.0715830 0.0737954 0.0717342 0.0693772 0.0693772 0.0715830 0.0811602 0.0715830 0.0608726 0.0768262 0.0608726 0.0696703 0.0693772 0.0630623 0.0672415 0.0355964 0.0000000 0.0000010 0.0000010 0.0000010 0.0000010 0.0000010 0.0020776 0.0020229 0.0000010 0.0286800 0.0260373 0.0280781 0.0260373 0.0268994 0.0290091 0.0279402 0.0263541 0.0319927 0.0290091 0.0260373 0.0352275 0.0372748 0.0360791 0.0411909 0.0674612 0.0696703 0.0811602 0.0742424 0.0889271 0.0663895 0.0766829 0.0966743 0.0841153 0.0860542 0.0768262 0.1114160 0.0887860 0.0887200 0.0910206 0.0864264 0.0794165 0.0794165 0.0910206 0.0837105 0.0727442 0.0856192 0.0818602 0.0818602 0.1054365 0.0908236 0.0620453 0.0715830 0.0693772 0.0693772 0.0693772 0.0693772 0.0693772 0.0693772 0.0715830 0.0693772 0.0693772 0.0715830 0.0693772 0.0715830 0.0811602 0.0693772 0.0834192 0.0737954 0.0736400 0.0736400 0.0671777 0.1136077 0.0609817 0.0789609 0.0609817 0.0645320 0.0881266 0.0858078 0.0883373 0.0832868 0.0858078 0.0858078 0.0856035 0.0856035 0.0881266 0.0881266 0.0881266 0.0881266 0.0881266 0.0856035 0.0856035 0.0881266 0.1097964 0.0830888 0.0760419 0.0760419 0.0768262 0.0737588 0.0575976 0.0600750 0.0879484 0.0608726 0.0608726 0.0608726 0.0608726 0.0630623 0.0806430 0.0806430 0.0784058 0.0806430 0.0799317 0.0806430 0.0806430 0.0806430 0.0799789 0.1002443 0.0926286 0.0662682 
Alloteuthis_africana_312328      0.0683703 0.0683703 0.0683703 0.0683703 0.0683703 0.0683703 0.0703965 0.0725704 0.0705426 0.0682288 0.0682288 0.0703965 0.0794614 0.0703965 0.0621473 0.0775831 0.0621473 0.0683703 0.0682288 0.0643103 0.0666628 0.0349378 0.0000010 0.0000000 0.0000010 0.0000010 0.0000010 0.0000010 0.0020776 0.0020229 0.0000010 0.0287434 0.0255260 0.0274720 0.0254760 0.0269552 0.0290694 0.0280004 0.0264076 0.0319927 0.0290694 0.0274720 0.0331775 0.0352275 0.0332953 0.0427815 0.0662042 0.0683703 0.0797955 0.0752241 0.0871808 0.0665818 0.0768672 0.0966743 0.0847856 0.0915380 0.0784058 0.1114160 0.0887860 0.0888989 0.0911494 0.0866550 0.0797955 0.0797955 0.0911494 0.0839303 0.0740805 0.0906274 0.0823611 0.0823611 0.1057467 0.0915380 0.0633287 0.0724201 0.0699616 0.0702509 0.0702509 0.0702509 0.0702509 0.0702509 0.0724201 0.0702509 0.0702509 0.0745956 0.0702509 0.0703965 0.0797955 0.0682288 0.0820144 0.0725704 0.0724201 0.0724201 0.0660674 0.1139783 0.0604354 0.0820611 0.0604354 0.0744050 0.0872940 0.0849965 0.0875007 0.0825007 0.0849965 0.0849965 0.0847961 0.0847961 0.0872940 0.0872940 0.0872940 0.0872940 0.0872940 0.0847961 0.0847961 0.0872940 0.1086843 0.0832868 0.0753862 0.0753862 0.0775831 0.0731238 0.0571100 0.0595635 0.0881424 0.0621473 0.0621473 0.0621473 0.0621473 0.0643103 0.0833612 0.0833612 0.0811602 0.0833612 0.0792463 0.0833612 0.0833612 0.0833612 0.0817462 0.1005327 0.0952286 0.0651168 
Alloteuthis_africana_312329      0.0711433 0.0711433 0.0711433 0.0711433 0.0711433 0.0711433 0.0734604 0.0759542 0.0736350 0.0709749 0.0709749 0.0734604 0.0889753 0.0734604 0.0612585 0.0842907 0.0612585 0.0711433 0.0709749 0.0637175 0.0711433 0.0400409 0.0000010 0.0000010 0.0000000 0.0000010 0.0000010 0.0000010 0.0023077 0.0022157 0.0000010 0.0321566 0.0292610 0.0315599 0.0292610 0.0295941 0.0319197 0.0295941 0.0292610 0.0319927 0.0319197 0.0292610 0.0364260 0.0386742 0.0382392 0.0366765 0.0686599 0.0711433 0.0842907 0.0735884 0.0876727 0.0708946 0.0830580 0.0990448 0.0847053 0.0866347 0.0842907 0.1090848 0.0913377 0.0874777 0.0900594 0.0849048 0.0770525 0.0770525 0.0900594 0.0871332 0.0745029 0.0868020 0.0799789 0.0799789 0.1057467 0.0926501 0.0672989 0.0759542 0.0734604 0.0734604 0.0734604 0.0734604 0.0734604 0.0734604 0.0759542 0.0734604 0.0734604 0.0759542 0.0734604 0.0734604 0.0842907 0.0709749 0.0868439 0.0759542 0.0757742 0.0757742 0.0684976 0.1139783 0.0678855 0.0764019 0.0678855 0.0654228 0.0678855 0.0680567 0.0706999 0.0654228 0.0680567 0.0680567 0.0678855 0.0678855 0.0705217 0.0705217 0.0705217 0.0678855 0.0678855 0.0652585 0.0652585 0.0678855 0.1076011 0.0895013 0.0842907 0.0842907 0.0842907 0.0817462 0.0612585 0.0612585 0.0964289 0.0612585 0.0612585 0.0612585 0.0612585 0.0637175 0.0883373 0.0883373 0.0858078 0.0883373 0.0883373 0.0883373 0.0883373 0.0883373 0.0849447 0.1083239 0.0969088 0.0621731 
Alloteuthis_africana_312330      0.0676823 0.0676823 0.0676823 0.0676823 0.0676823 0.0676823 0.0696657 0.0719506 0.0698178 0.0673878 0.0673878 0.0696657 0.0818793 0.0696657 0.0585981 0.0773882 0.0585981 0.0676823 0.0673878 0.0608589 0.0682790 0.0367509 0.0000010 0.0000010 0.0000010 0.0000000 0.0000010 0.0000010 0.0020994 0.0020229 0.0000010 0.0290647 0.0269552 0.0290694 0.0269552 0.0269552 0.0290694 0.0280004 0.0269552 0.0323625 0.0290694 0.0269552 0.0331775 0.0352275 0.0352275 0.0424141 0.0654009 0.0676823 0.0795447 0.0699755 0.0802291 0.0665818 0.0768672 0.0887735 0.0775338 0.0809824 0.0773882 0.1114160 0.0887860 0.0826113 0.0849754 0.0802547 0.0730666 0.0730666 0.0849754 0.0839303 0.0674612 0.0865250 0.0755635 0.0755635 0.1057467 0.0847856 0.0619364 0.0696657 0.0673878 0.0673878 0.0673878 0.0673878 0.0673878 0.0673878 0.0696657 0.0673878 0.0673878 0.0696657 0.0673878 0.0696657 0.0795447 0.0673878 0.0818793 0.0719506 0.0717939 0.0717939 0.0651168 0.1139783 0.0621044 0.0722608 0.0621044 0.0598477 0.0849048 0.0825408 0.0851115 0.0799789 0.0825408 0.0825408 0.0823407 0.0823407 0.0849048 0.0849048 0.0849048 0.0849048 0.0849048 0.0823407 0.0823407 0.0849048 0.1062116 0.0834856 0.0773882 0.0773882 0.0773882 0.0750626 0.0585981 0.0609915 0.0895249 0.0585981 0.0585981 0.0585981 0.0585981 0.0608589 0.0813388 0.0813388 0.0790204 0.0813388 0.0813388 0.0813388 0.0813388 0.0813388 0.0793473 0.1005327 0.0911591 0.0569317 
Alloteuthis_africana_312331      0.0858078 0.0858078 0.0858078 0.0858078 0.0841620 0.0858078 0.0877956 0.0899648 0.0879754 0.0856326 0.0856326 0.0877956 0.0969088 0.0877956 0.0796667 0.0951031 0.0796667 0.0858078 0.0856326 0.0818249 0.0666628 0.0547911 0.0000010 0.0000010 0.0000010 0.0000010 0.0000000 0.0000010 0.0020776 0.0020229 0.0000010 0.0287434 0.0350258 0.0370205 0.0350258 0.0269552 0.0290694 0.0280004 0.0264076 0.0319927 0.0290694 0.0370205 0.0331775 0.0352275 0.0329085 0.0623684 0.0836464 0.0858078 0.0973106 0.0932086 0.1050215 0.0665818 0.0768672 0.0966743 0.1030817 0.1095915 0.0883373 0.1114160 0.0887860 0.0987438 0.1009927 0.0965016 0.0896277 0.0936767 0.1009927 0.0839303 0.0843220 0.1006497 0.0922305 0.0922305 0.1057467 0.1014201 0.0733312 0.0897810 0.0872605 0.0876165 0.0876165 0.0876165 0.0876165 0.0876165 0.0897810 0.0876165 0.0876165 0.0919517 0.0876165 0.0877956 0.0973106 0.0856326 0.0995247 0.0899648 0.0897810 0.0897810 0.0834759 0.1139783 0.0604354 0.1002943 0.0604354 0.0785030 0.0872940 0.0849965 0.0875007 0.0825007 0.0849965 0.0849965 0.0847961 0.0847961 0.0872940 0.0872940 0.0872940 0.0872940 0.0872940 0.0847961 0.0847961 0.0872940 0.1086843 0.0832868 0.0753862 0.0753862 0.0874169 0.0731238 0.0571100 0.0595635 0.0881424 0.0716780 0.0719730 0.0719730 0.0719730 0.0741344 0.1006982 0.1006982 0.0985020 0.1006982 0.0792463 0.1006982 0.1006982 0.1006982 0.1019721 0.1005327 0.1075569 0.0753862 
